1.000000e+00 -1.822835e-10 5.241111e-10 -5.551115e-17 -1.822835e-10 9.999999e-01 -5.072855e-10 -3.330669e-16 5.241111e-10 -5.072855e-10 9.999999e-01 2.220446e-16
0.9999555631692439 -0.004512053180482482 -0.008277261804257863 0.13271300172448075 0.004570791072992665 0.9999644110497165 0.007091156673000577 0.022133815279704157 0.008244971549179303 -0.007128675198835355 0.9999405994528188 -0.9524723832642981
0.9996916858334145 -0.002889624695709594 -0.02466137353561022 0.37948948117533543 0.003180183273392728 0.999925899184071 0.011750854235959635 0.00919197397780949 0.024625590549113348 -0.011825658968746038 0.9996267973999405 -1.8874496259258806
0.9996909311364665 -0.005811699517241005 -0.024171602185722948 0.4280081643773518 0.005932597143954169 0.9999702347603839 0.004932938717467036 0.08336318623091044 0.024142213954629045 -0.005074814477795525 0.9996956535683168 -2.8558190711252704
0.9996088858899083 -0.011954872013768722 -0.025281540401439206 0.5223167916717866 0.011839950536479201 0.9999189041591462 -0.004690487870807497 0.16414740710144474 0.025335564355839238 0.004389321166978218 0.999669366860095 -3.810612750133552
0.9992048334745947 0.0001829632207216339 -0.03987063186689858 0.9100637798253399 -0.0005061868616260732 0.9999670917273568 -0.008096865887086233 0.1879014577719929 0.0398678383646136 0.008110609520387141 0.9991720439830868 -4.717753189607751
0.9976984975865424 -0.012173874580548817 -0.06670460772129112 1.3761310856220728 0.012904538024005388 0.9998612463847988 0.010533796856956575 0.12188167332575987 0.06656711509402496 -0.011370345444783887 0.9977171615405459 -5.572450606864517
0.9956819318411217 -0.02775142295099313 -0.08858526474151827 1.9729775866522425 0.030773750312588066 0.9989835789162453 0.032936079721001314 -0.0010618219174153814 0.08758120173203912 -0.03551996030241039 0.9955239150935982 -6.380507879304901
0.9980251260811585 -0.0005861962158982067 -0.06281324768456457 2.8931246482079893 0.003535170575111207 0.9988958001381422 0.04684744427805479 0.125082267360646 0.06271642751058734 -0.04697698202712798 0.9969251791784227 -7.0359063840961875
0.9970994190574265 0.009186285722483424 -0.07555369395314752 3.6636947830684297 -0.006374091360853049 0.9992808542748107 0.03737840605386811 -0.04355053162631627 0.0758427285549796 -0.036788400813697664 0.9964409134970845 -7.711830393243165
0.9933966114225656 0.0023280592112764967 -0.11470724717502144 4.411191895574422 0.00370295997611223 0.9986226478567851 0.05233636665760054 -0.13786171912729286 0.1146710970627635 -0.052415525637088956 0.9920197337606786 -8.376925279168828
0.9911595658641409 0.0011289484358702534 -0.13267042048412842 4.862143658745571 0.006156335467262163 0.9984953585465506 0.054489618227792046 -0.22446440735727766 0.13253231503908966 -0.05482466996184478 0.9896612759090618 -9.18105802854283
0.988844488406701 0.003360045259076923 -0.1489136925992548 5.652442000627009 0.004417349167944582 0.9986442822319652 0.051866025409048305 -0.32726946807640706 0.14888607985307617 -0.051945237137398854 0.9874890518708147 -9.827899811774905
0.9883062776374985 -0.00672803112496509 -0.15233330292320035 5.951766768220707 0.013926166135557687 0.998833511713953 0.046235027565021694 -0.13456234177224072 0.15184453720524335 -0.04781578687374098 0.9872471256208186 -10.679023812558063
0.988593678010173 -0.001602140667173647 -0.150598714946706 6.78001705404796 0.009032665642164348 0.9987741278007684 0.04866880507278505 -0.0961754795914603 0.1503361258969816 -0.04947398084951836 0.9873962601049219 -11.2511552652773
0.9910892756249235 0.01248923544611672 -0.13261246826461526 7.860294419578931 -0.005058302077962209 0.9984053293836348 0.05622465507626837 -0.032172210863390345 0.13310319801323284 -0.05505285874801384 0.9895719890044984 -11.639435071487318
0.9925922060867298 0.012818837955381683 -0.12081551973711904 8.895516929107808 -0.006063041560852661 0.9984055729290592 0.056120864847486455 -0.0073445697087030784 0.12134229247425482 -0.05497262352910007 0.991087311350225 -12.014749882188312
0.9929311380626974 0.010429780731431523 -0.11823271433663778 9.858875795525497 -0.0038452137684111517 0.9984354857230485 0.05578346690604051 0.037185772305955385 0.11862954689532304 -0.05493451121905418 0.9914177878576377 -12.411035927703407
0.993554393162769 0.011366857835582373 -0.11278502724167756 10.873462780697926 -0.005093739045879378 0.998431588811427 0.05575317287853866 0.08654801135033321 0.11324187233303978 -0.05481931234918431 0.9920539911436614 -12.737090447480465
0.9938857289145898 0.008837176576671579 -0.11005935748524609 11.904447487793663 -0.002771803228690938 0.9984747010167005 0.055141531865493976 0.1317526194073809 0.1103787795129734 -0.054499318709178686 0.9923942509373274 -13.015692532478019
0.9942392777561572 0.006221644048817085 -0.1070025687179633 12.983154119174008 -0.00032068662948425507 0.9984820686977031 0.055076815896005375 0.2190873248418331 0.10718281451332588 -0.05472521936444526 0.9927320860325372 -13.221223260174051
0.994509489520299 0.005779700520509554 -0.10448669922992723 14.060735702702766 -0.00014120995024989594 0.998546827502385 0.053890753795746725 0.28490573073727116 0.10464633445000222 -0.05358011148567252 0.993065111832733 -13.390671916556824
0.9949682447656488 0.00670108674992186 -0.09996643108730478 15.181916536437598 -0.0013378942521361642 0.9985604748457027 0.05362078062557944 0.3643844469138129 0.10018184439773846 -0.05321722946843879 0.993544928295026 -13.470652502904258
0.9947055251850351 0.0005409172440577362 -0.10276490439297571 15.41771719645215 0.005265145830318281 0.9984045873603609 0.056218841834167116 0.2846889412200401 0.10263136170658343 -0.056462264799817655 0.9931157114092625 -14.51034983646261
0.9949198814475124 0.0003981581962724774 -0.10066911626967665 16.530236227556767 0.005454837621768974 0.9983098637293328 0.05785897274617994 0.3799587326290072 0.1005220087691586 -0.05811417598808256 0.9932361593811599 -14.577508423692233
0.9947451459072192 0.00037116908613055264 -0.10238142862616234 16.73269066609818 0.005478075650343061 0.9983679976147147 0.05684480649941568 0.3447165216033175 0.10223544092531335 -0.05710694854653337 0.993119686164013 -15.639322770460614
0.9947676585114472 0.002798223166372462 -0.10212480368041459 16.91053544159768 0.002882960864491055 0.9984578664987857 0.05543985356536212 0.2870663444681161 0.10212244668193915 -0.055444195131737414 0.9932255268114517 -16.692383504459404
0.9945268700127544 -0.007212312892525616 -0.10423189226610562 17.037053828083007 0.012866236599175648 0.9984756413086993 0.05367358446160781 0.2244778137930694 0.10368589479001673 -0.05472089414404364 0.9931036496588195 -17.77290750229433
0.9951301392653231 0.0013019127720101567 -0.09856120407600069 18.13644267617189 0.0038883999164123764 0.9986159600293908 0.0524504024833917 0.26048483416836626 0.09849307727889657 -0.05257822170551059 0.9937477770191069 -17.848888084232645
0.9951885820415166 0.0038957058023904034 -0.09790050893889507 19.187938385213762 0.001368665317382582 0.9985589680929136 0.05364805678182908 0.2864875180647968 0.09796842822788428 -0.053523926589130175 0.9937491516238071 -17.942803929534513
0.9951022056866806 0.007479770711501304 -0.09856801341005147 19.38909118312155 -0.0020227867003129434 0.998465149588599 0.055346665581437006 0.27310244192497635 0.0988307066223118 -0.05487620693088894 0.993590002637612 -18.911396268105232
0.9958902330932761 0.024455041308900912 -0.08720432663576791 20.488581123754283 -0.019169380908978278 0.9979571623985948 0.06094289829760921 0.3953148784619999 0.0885165434536618 -0.05902078423679385 0.9943245790802352 -18.90806721455002
0.9947001294098081 0.03127513957051871 -0.09794650681342884 20.809360818279046 -0.025312735160604807 0.9977838302248716 0.06153611606589333 0.3491600018350129 0.09965399134403645 -0.05873068862724634 0.9932873643727524 -19.726802649719026
0.9941021982338833 0.027553010490774632 -0.10488875573413033 21.061795546542506 -0.020934500530932307 0.9977503605491915 0.06368645626410661 0.2979950899606091 0.10640754744884813 -0.061115052457268636 0.9924426352233474 -20.597885644259588
0.9934822318790133 0.015623419167963094 -0.112911309062441 21.766829234537287 -0.007324651640402245 0.9972651849582957 0.07354250708566637 0.32629063190949764 0.11375150293089804 -0.07223613807230002 0.9908796778304398 -20.979878615946955
0.9937767918003201 0.00750477861848842 -0.111136701304966 22.783442552067193 0.0007081567913715931 0.9972819639674372 0.07367620280125463 0.4270863513390153 0.11138755133775052 -0.07329640266165839 0.9910703561119337 -21.017571443831553
0.994793337451152 0.005901810745462423 -0.10174175343841091 23.901231488409138 0.0016957565121758975 0.9972250029590823 0.07442726572373369 0.5189248543180324 0.10189867601028245 -0.07421227730762829 0.9920227808493925 -20.909033871028708
0.995353957757514 0.007181267586029279 -0.09601524968623407 24.94702954334688 -0.0002711240447393439 0.9974197779162015 0.07178936629716834 0.6058167205241544 0.09628304766782085 -0.07142979782593696 0.9927876705088237 -20.829088872055248
0.9948021721643244 0.007293464704842696 -0.10156497245477882 25.211763893332982 -0.00024857184400637754 0.9976025007057686 0.06920396518723836 0.5791358540094605 0.10182620718252508 -0.06881900869815763 0.9924189476086293 -21.65925280366295
0.9954847189348793 0.00851450915319833 -0.09453929077914192 26.249117886824724 -0.0019314814930342296 0.9975795956021188 0.06950697675453926 0.6779359821509425 0.0949022852537531 -0.06901053232799997 0.9930916889599957 -21.553408720071506
0.9964548340580686 0.014761770450511892 -0.08282423446958286 27.369950696893856 -0.008877770712585603 0.9974392554459522 0.07096560351747938 0.7348881043627254 0.08365972071122679 -0.06997872411377297 0.9940342193817695 -21.338470992377562
0.9961290554114617 0.013499804371836385 -0.086860003724327 27.58198107936673 -0.007247737390796948 0.9973858462201833 0.07189536885198952 0.6855365710829979 0.087603511732017 -0.07098752736623215 0.9936228639129849 -22.1844452811207
0.9973036119847558 0.010482976567892427 -0.07263341327815515 28.72286456494915 -0.005438105005529535 0.9975803975593285 0.06930928811726364 0.7038979314003003 0.07318423693738166 -0.0687274152551213 0.9949475412584519 -21.85049516476824
0.9975226883742722 0.011402245502951746 -0.06941523590721425 29.72917269641209 -0.00672123342399059 0.9977102343955873 0.06729868649211107 0.8112561063256029 0.07002364743301905 -0.06666541066995296 0.9953152323863923 -21.647557036174263
0.9971153071497122 0.005844355381014585 -0.07567633552118286 29.947498364964115 -0.000756333235048737 0.9977467214188352 0.06708880575776974 0.7884328980315726 0.07589790647818635 -0.06683803863180329 0.99487294886537 -22.491230853045344
0.9959966931540204 0.0073706094446072965 -0.08908569662224357 30.503235177857697 -0.0010202391862798612 0.9974672354661209 0.07112013275843834 0.5621079787911442 0.08938426225157181 -0.07074452832544711 0.9934815878383189 -22.861641093856136
0.9945667403678765 0.00429634644767147 -0.10401221255803551 31.016645062091783 0.004437804255080574 0.9964898843629201 0.08359555165060642 0.48606951209420546 0.10400627311566124 -0.08360294115386696 0.9910566297558419 -23.266882180761748
0.9965120741493697 0.0030251876172463885 -0.08339385057905094 32.092785805068075 0.003956008842950881 0.9965065098071254 0.08342137559437245 0.5347980437697094 0.08335488029236666 -0.08346031483227866 0.9930188013222792 -22.87426512814132
0.9962499948655877 0.0019514330032223302 -0.08649936207596882 32.17919002242821 0.005198662258920387 0.9965892217150365 0.08235834549173843 0.4736723263723904 0.08636504872361823 -0.08249918224232608 0.9928418621755976 -23.84085773867454
0.9959477672020064 0.003329366924905858 -0.08987191063517462 32.29568370924618 0.0039469399176830155 0.9967335266328599 0.08066410943727874 0.33857203677879527 0.0898469068506162 -0.0806919587189588 0.992681389534159 -24.7683274907781
0.9933467481464634 -0.002189651692276472 -0.11514097173601125 32.70383894561317 0.012434547045306903 0.9960132715912796 0.08833427904168886 0.16810585407816317 0.11448851464939178 -0.08917829466581591 0.9894137717728954 -25.233052785934603
0.9921626932221351 -0.004476517426048434 -0.12487253889440168 32.874207324261825 0.01571214603181099 0.9958953674206902 0.0891377900617052 0.016513050531947522 0.12396095613246166 -0.09040120542196066 0.9881605656030688 -25.988915761374283
0.9908906460379411 -0.00170969179003315 -0.1346581024242326 33.095153116001605 0.01403318825278282 0.995786565411086 0.09062111108486376 -0.18199282929711602 0.13393579514817344 -0.09168529380863671 0.9867395855428344 -26.649500543607108
0.9886063770421711 -0.006404731544149314 -0.15038753500672955 33.30505112019015 0.020892919975183027 0.9952620151713584 0.09495792253391928 -0.37217171137791116 0.14906682114562875 -0.09701804250186795 0.9840561885698587 -27.2912188246076
0.984160466976457 -0.00436837256047073 -0.1772261057571797 33.671051930133224 0.02175863658195041 0.9951144552575856 0.09630048115920328 -0.5430045856243332 0.1759395833085209 -0.09863132493570208 0.9794473568123233 -27.706677851267074
0.9844361959889621 0.010147064779718924 -0.1754491752706122 34.542343311113044 0.007590517261188602 0.9949451641671861 0.1001324340463163 -0.3896766414588592 0.1755783587874332 -0.09990574246102246 0.9793830111599945 -27.470296114894577
0.9843790742770867 0.009475246792537648 -0.17580687649693003 34.38615432867049 0.007962254861015953 0.9951332884930254 0.09821578605594138 -0.5713300505699519 0.1758818939598778 -0.09808138371413004 0.9795129409792409 -28.465031972396563
0.9841826074090193 0.020474320561726354 -0.17596987660142308 35.32474042386367 -0.00287662965989871 0.9950151304745587 0.09968257183930346 -0.44597697005951925 0.17713362265640956 -0.09759965329976061 0.9793354825596675 -28.07728400852381
0.9836680325782513 0.026341736284577633 -0.17805424626541994 35.23585984131502 -0.007977084804085136 0.9946411163765458 0.10307965721348138 -0.6009710946866484 0.17981537142764115 -0.09997580978783746 0.9786068003317774 -28.92249999488384
0.9833456684351499 0.03396650426519889 -0.17854291629138103 36.10102945326904 -0.015051649703357647 0.9942259861434505 0.10624564140844917 -0.47984384125662916 0.181120800050782 -0.1017888258360773 0.9781790688436709 -28.55094802366393
0.982537936617824 0.035595808976068774 -0.18262568682999789 35.986830176630534 -0.016161201649695898 0.9941467935848497 0.10682213425223361 -0.598539732894529 0.185359161273529 -0.10200534882202639 0.9773622103108266 -29.36344993945743
0.9822322179139487 0.0382276893705771 -0.1837349010319817 35.76231850558786 -0.01963741072350079 0.9945952312977143 0.10195439166570684 -0.5561748657158032 0.18663933720392653 -0.09653481053606625 0.9776741728013676 -30.254850911179354
0.9816860846659029 0.04323443879747541 -0.18553494138624582 35.479262072450254 -0.0250061941582037 0.9947246975262406 0.09948601100181259 -0.5830325055780392 0.18885741030484196 -0.09302450985196127 0.9775885224058966 -31.151495569482964
0.9810135318940691 0.045940290434505635 -0.18841958485125057 35.26356688018896 -0.02832380006876417 0.99506032091475 0.09514578335743967 -0.5823416391743046 0.1918598774897657 -0.08800254232594183 0.977468843469589 -31.937598401554002
0.9803788157742923 0.055549578262351795 -0.18913387305258564 34.99343127781647 -0.03773535686115468 0.9946153080161808 0.09652166545620816 -0.6646136154132233 0.19347718321175994 -0.08749076188234649 0.977195960983099 -32.68852329143473
0.9774155441940229 0.08005653020535872 -0.19557557602978137 34.67926830931797 -0.061976408095592815 0.9933639789482377 0.09688617118915946 -0.5841594863666508 0.2020341030803205 -0.08257697802417359 0.9758910102531523 -33.45338624244239
0.9754678748681144 0.08542592215154068 -0.20289119479377138 34.23097434645383 -0.06673692466194232 0.9930205290266638 0.09724408371861192 -0.8710084447551728 0.20978228711440336 -0.08131814530696652 0.9743606884808507 -34.293530345795226
0.9714966089114047 0.08831906942766254 -0.21998654697293116 34.96276569635623 -0.06736002622571119 0.9926002876237754 0.10103116289576854 -0.9468943198704973 0.22728168808883795 -0.0833331325742131 0.9702569882638563 -33.926782125621735
0.9659510717614247 0.08944650463896558 -0.24277118809864245 35.53179295904246 -0.0628669878721666 0.9913604910309046 0.11511784683030511 -1.1147240652487316 0.2509706532621574 -0.09593591418669035 0.9632289611355762 -33.70173564134987
0.9621135056761317 0.08493248752168311 -0.2590831425603821 35.86016596586725 -0.0521159382548416 0.9900102064209939 0.1310103818866263 -1.3242862196082825 0.26762199307119705 -0.11254449673636199 0.9569285266303595 -33.71948556934897
0.9569029318064135 0.08935709632629174 -0.2763188166528372 36.321505551156754 -0.0581589060146368 0.9911746255568049 0.11912347922852674 -1.530398685727898 0.2845247278383184 -0.09791920643296823 0.9536548160944084 -33.58853860600157
0.9525627938926382 0.08405399970220367 -0.29250478427798954 36.4545203735632 -0.048771825806538056 0.9908434253550232 0.12589922731383926 -1.6514560554588074 0.30040877600187676 -0.1056609273326086 0.9479400485981476 -33.82467585339628
0.9439027048456597 0.07696815682173833 -0.3211286138302087 36.809751946448884 -0.03621529461992905 0.9907197228882447 0.13100718726784483 -1.666329831855302 0.32823183303975295 -0.11202827105558867 0.9379304506538052 -33.78668138862542
0.9366019642293031 0.07846000318355242 -0.3414978601722821 36.8765576232466 -0.03451371856529894 0.990525986934646 0.1329175399935675 -1.665498147587892 0.34869121559426075 -0.11270446800186289 0.9304365314516647 -34.07390317646305
0.9390884946104732 0.06228985929721532 -0.3379833911880407 36.40031531989766 -0.029937021237278944 0.9945259426522701 0.10010956073748936 -1.599383971587707 0.3423690611747374 -0.08389352072923954 0.9358126431770265 -34.94148973248099
0.9299018684677134 0.061038459545185886 -0.3627076253356225 36.70590842038024 -0.024141878341112314 0.9941363516198777 0.10540438367583684 -1.8675013752062513 0.3670145565647438 -0.08925928996060083 0.9259228339474651 -34.9403294251226
0.921993186455514 0.0551408911584193 -0.38325976341361995 36.89263179329993 -0.015896401751364975 0.9943640291528453 0.10482119031130666 -2.0794884303808083 0.3868796564061805 -0.09055197208882464 0.9176734014941546 -35.07661961932837
0.9162511460048895 0.028827935742444813 -0.39956574873924916 36.51980959304448 0.009554593940446051 0.9955511467112698 0.09373699385253377 -2.1331346199043177 0.4004903833793727 -0.0897043165221502 0.911899439860519 -35.79895640282204
0.9229326516093945 0.02453997008508533 -0.38417848776509606 37.3661854928596 0.008011109132618717 0.9965256646156455 0.08290007172983763 -2.200041798240219 0.384878088131443 -0.0795888788121178 0.9195294816620654 -35.25863790306101
0.9115283496422746 0.019857294513820484 -0.41075753876590404 37.57682983614946 0.01749436281216648 0.9960568815195666 0.08697491619606915 -2.2628593972789064 0.4108649596500344 -0.08646604323148045 0.9075866946466649 -35.37944547033103
0.9058271035589803 0.017550152393606102 -0.4232838889077994 37.93508032911762 0.015563583142152792 0.9970885444094885 0.07464723362018295 -2.5392276294648295 0.42336158698885606 -0.07420530141661034 0.9029166849183475 -35.33130789372502
0.897548126689464 0.01790318200380708 -0.4405528757713119 37.605295416758466 0.01520666547240217 0.9973239498497111 0.07151011383980983 -2.509625326383748 0.44065419276507645 -0.07088310892102996 0.8948739951905181 -36.016487029122715
0.8812564778586928 0.021872901839717546 -0.47213196925986883 37.730734612641754 0.011821129042292171 0.9975960755290346 0.06828126388135354 -2.489491165079439 0.47249050904780404 -0.06575443904543304 0.8788794414511916 -36.214492160986794
0.8715154624490485 0.033140235790950344 -0.48924689419958506 37.19162892985156 0.009354462403286497 0.9964085592215521 0.08415745447182499 -2.561730889972534 0.4902787908377862 -0.07792116453026027 0.8680754571884167 -37.08287490261298
0.8561779323475834 0.03905142160475221 -0.5152031974198756 37.53270171093558 0.004155632472603372 0.9965869247021777 0.0824453287422032 -2.5828831134552916 0.5166643774054532 -0.07272886623140186 0.8530934492404236 -37.051682476513044
0.840877374579573 0.04256495692857524 -0.5395493168949724 37.24396651109961 0.002414477930892683 0.9965977070049379 0.08238434735325896 -2.554118777307197 0.5412202982302866 -0.07057786362712955 0.8379136912292 -37.65476705857206
0.8294179070483405 0.028480097663124516 -0.5579021594371613 36.82783155610811 0.01532858613121485 0.9971632138610649 0.07369232910887977 -2.5724250357725955 0.5584182750544282 -0.06967358867872643 0.8266284661961855 -38.376866114444105
-0.8294179387693653 0.02848183153386475 0.5579020237640764 36.96819359328864 -0.0153296991842964 0.9971628454271804 -0.0736970828628216 -3.585966070857101 -0.5584181973848011 -0.06967815276000866 -0.8266281339619743 -38.48295152446751
-0.8195777302032932 0.018574418730453148 0.5726668622538266 36.743641940157836 -0.038949071068601085 0.9953563558856218 -0.08802667016870676 -3.5071416832464575 -0.5716426453805787 -0.09444954085077821 -0.8150484465449674 -39.01656633285494
-0.7900763457071707 0.019540622752307977 0.6126969332520403 36.72027475192465 -0.03904319494281848 0.9958584461906214 -0.08210714998987673 -3.530282833439076 -0.61176384077735 -0.08879256282625725 -0.7860412736644837 -39.3627064239113
-0.7643464632338471 0.010232376448584289 0.6447245788816522 36.558474749517 -0.05575106904682443 0.9950809924414443 -0.08188795260530432 -3.4372477072427086 -0.6423910821626029 -0.09853485146873932 -0.7600161712779456 -39.839967671659046
-0.7475462130257469 0.017617184465568363 0.663976124723149 36.05924247224795 -0.059252635084326634 0.9938938652702776 -0.09308120010868634 -3.5123061575006895 -0.6615616257208565 -0.10892483366806457 -0.7419377305299656 -40.588087280957
-0.7224402039230525 0.0274976851549052 0.6908864082226109 36.92806555951978 -0.0627320724982047 0.9924812329159632 -0.10509847472581237 -3.2405827408450723 -0.6885817590059242 -0.11926809976156097 -0.71528335751894 -40.13401920956835
-0.67969339868651 0.032297705480958235 0.7327849220628427 36.81587634502814 -0.058775648286117206 0.9934193689427905 -0.09830249527788083 -3.149951635656734 -0.7311376798869839 -0.10988546596332127 -0.6733222686199354 -40.54207206283324
-0.6314413387425295 0.03292725370928916 0.7747242294456823 36.70634282250339 -0.06563514720061829 0.9932429021575185 -0.09571083933216352 -3.0965135181545396 -0.7726408371157901 -0.11128491935962383 -0.6250134426907372 -40.93104608692862
-0.5789387059159318 0.03841603798330954 0.8144655811131931 36.502305776978034 -0.06412520946430891 0.9936503943454402 -0.09244918241019308 -2.9394134282200204 -0.8128455771569026 -0.10575018601789538 -0.5727992369527363 -41.4022210305247
-0.5275889368879204 0.042720454694373224 0.8484249385916117 36.41521716872528 -0.06806348631132418 0.9933980713955459 -0.09234518709040256 -2.9094458099663143 -0.846768726102125 -0.10646705827775649 -0.5211981293107832 -41.736075496607405
-0.480944966251377 0.04088009882390902 0.875797212234436 36.3346582452788 -0.07985077017903447 0.9927184941268669 -0.09018783687562688 -2.9266962304652737 -0.8731069773740616 -0.11330846808000265 -0.4741786552788806 -42.042716462574084
-0.43878162270108484 0.03482892359930299 0.897918500567127 36.22500010769999 -0.09685000577896011 0.9915947758217531 -0.08578972516348536 -2.9907318968826733 -0.8933592580593832 -0.12460636678727385 -0.4317203833451213 -42.35623684969918
-0.39335183601023826 0.03410228210531656 0.9187553360185641 36.06622978923292 -0.10412535565374358 0.9912297833621433 -0.08137215055425097 -2.9648228815873785 -0.9134726287182061 -0.1276736109423221 -0.3863511429407111 -42.68115939762019
-0.35042990671529545 0.03638593412186755 0.9358819072284649 35.7448645869612 -0.10944034101662352 0.9908090381057012 -0.07950007400137153 -2.8462528569101737 -0.9301729367368565 -0.13028243859452918 -0.3432270297575489 -43.12365935258552
-0.3078435342964413 0.04330899251603246 0.9504507822918147 35.38721741633415 -0.11266859453648985 0.9902750101302201 -0.08161612657292731 -2.65184229213773 -0.9447423702772317 -0.13221095067671992 -0.2999701957263606 -43.56704137292369
-0.29129585458581714 0.07527456274264449 0.9536668523677554 34.7348965067246 -0.210289191124116 0.9674765763050793 -0.14059704974632697 -2.6700812011165773 -0.9332337227069529 -0.2415011687443959 -0.26599248917517887 -44.22251538164278
-0.2489791132509404 0.07201449998463293 0.9658277863867551 34.256324619410975 -0.2255536037222734 0.9655000854716995 -0.13013514821922645 -2.633769948170564 -0.941878427936783 -0.25024687160103926 -0.2241462251326622 -44.719869046661074
-0.20942391008597672 0.0723257309306684 0.9751464579895913 33.55326796521629 -0.2369907206289757 0.9637732405752262 -0.12237867088218111 -2.392444723053404 -0.9486711886739548 -0.25672968156501547 -0.18469663338422304 -45.37067670321995
-0.1759529896870478 0.0736004730414727 0.9816432731844402 32.879316021745005 -0.25757595380866205 0.959016915816209 -0.11807278771134025 -2.290982090159345 -0.9501027173099454 -0.2736229623888314 -0.1497841814538908 -45.98358345256957
-0.14998015328859265 0.0725363944783684 0.9860245560307357 32.53592887634857 -0.26146748552130933 0.95888803761582 -0.11031085772692008 -2.2226176008666645 -0.9534887034646446 -0.2743578006788992 -0.1248482661951809 -46.342386230331755
-0.14998015295710454 0.07253639448916172 0.986024556080363 33.358583105858116 -0.26146748551774796 0.9588880376263081 -0.11031085764419245 -1.90776994773457 -0.9534887035177634 -0.27435780063938914 -0.12484826587633038 -45.88982512973372
-0.1483249710085429 0.1002961953351885 0.9838396089691661 33.185718464899026 -0.2212053330445876 0.9662725172113974 -0.13185455287772946 -1.6354077270043739 -0.9638816854821669 -0.23718789109741267 -0.12113628980951015 -46.14629772012079
-0.17006416623387893 0.08698632029036037 0.9815862465649767 33.53535329213707 -0.2431723181224627 0.9615875092656498 -0.12734475145538926 -1.8753504930595042 -0.9549583253012239 -0.2603513819948518 -0.14237891287422827 -46.01679729240302
-0.15496619882989462 0.0860570929655949 0.984164444577493 32.99514914253588 -0.24379517062315068 0.9620575561359628 -0.12251193191902038 -1.7882853064081177 -0.9573658611006753 -0.2589197470878033 -0.12810609886709173 -46.54899028289331
-0.14880933780497063 0.09100364960492156 0.9846695469753451 32.690070398480415 -0.24209520334857337 0.9621010667351247 -0.1255047803980041 -1.590919326659533 -0.9587730145856497 -0.2570600574685268 -0.12113807558574718 -46.903986399715244
-0.14586879957746055 0.08073509303390683 0.9860041267979752 32.23047887870653 -0.26068732654182303 0.9583034134761538 -0.11703283941027773 -1.491799014836661 -0.9543397775898806 -0.2741102195700859 -0.118739952993638 -47.34622560681497
-0.13705962644684966 0.0807540495832505 0.9872656391641289 31.633465258351038 -0.2597648131058205 0.9588605546344399 -0.11449313795260938 -1.4332350754008778 -0.9558958628796042 -0.272149260961779 -0.11044400883528739 -47.88852884934312
-0.13817604618365162 0.08886323419286171 0.9864130503343098 32.18802984793937 -0.24903967072985525 0.9608487026731592 -0.12144551442550276 -1.6037981427161208 -0.958585740903657 -0.2624368422689427 -0.11063580413269104 -47.67323427556138
-0.14190993107346955 0.09765801615189333 0.9850504978649568 32.76685367692281 -0.2473641170678243 0.9600511621400422 -0.1308157469909975 -1.7849405553016522 -0.9584740815744435 -0.262230200310401 -0.11208370530629258 -47.4382177110177
-0.15809567321250342 0.10117611942001847 0.9822266291292409 33.25872495328189 -0.25559347161889834 0.956640723653901 -0.13968000255134155 -2.042281671969539 -0.9537702739010474 -0.2731335180933474 -0.12538080362107248 -47.25311777595763
-0.1813416013663413 0.10942190335643626 0.9773137012647194 33.601899519877364 -0.24476154671342054 0.9574963510330848 -0.15261888156052048 -2.346099001206572 -0.9524741512840854 -0.2668849655266933 -0.14685164728892364 -47.16989481068187
-0.1884752602671595 0.1103422296969792 0.9758594512596193 34.037738729302745 -0.2356321297876649 0.9595617580536933 -0.15400886952587067 -2.6258359440679335 -0.9533910927205842 -0.25897070264106364 -0.15485347750256737 -47.033128258370034
-0.20583220240221625 0.10113660376623405 0.9733470562101083 34.50428026056021 -0.23797402378123603 0.9596136086940068 -0.15003361628193482 -2.8372837544244014 -0.9492109715229878 -0.262513065175618 -0.1734514979828099 -46.8849623598197
-0.20524494467883506 0.09221894283958616 0.9743562896935236 35.16035413054823 -0.23673718108767144 0.9613096332004131 -0.14085203657296652 -2.9123033296359946 -0.9496473133613544 -0.25957552985140514 -0.17547228991472436 -46.617639231925935
-0.20355497918629217 0.09152658879531429 0.9747760019573524 34.7104352357539 -0.23381677686006833 0.9622676970418527 -0.13917828166973456 -2.8501049407022796 -0.9507339718907865 -0.2562494151666767 -0.17447392905388154 -47.201891372808724
-0.21087803996424162 0.09791874239761068 0.9725956879135896 35.25738931698696 -0.2219858235031108 0.9641776934509483 -0.14520216808042669 -3.006947953799107 -0.9519730807247015 -0.2465224033204299 -0.1815873295046599 -47.04980460713329
-0.23007728031334607 0.09606107725366671 0.9684196995726994 35.67990384519773 -0.23353594765956132 0.9605883838232452 -0.15076776185444368 -3.2918472506491017 -0.9447356276939906 -0.260849048878297 -0.19857584814101453 -46.99182258464247
-0.255108942482598 0.1051989746358865 0.961172514796884 35.95578423111263 -0.22268443251406989 0.9609496912512917 -0.16427822253705862 -3.5848649654214153 -0.9409203318991944 -0.25594699963001377 -0.221720685546245 -47.054733065321834
-0.26225525201690547 0.10478933784082985 0.9592921231118429 36.503200664708245 -0.21995780242356963 0.9614271754313778 -0.16515553728239812 -3.8506882508783984 -0.9395960557295542 -0.2543166943339026 -0.22909009371977104 -46.900707177329274
-0.2912452896106151 0.08728546729523909 0.9526580858202369 36.740821923603136 -0.23410913383074022 0.959046949112723 -0.1594423496270635 -4.1788673559046705 -0.9275608307473112 -0.2694627926015561 -0.2588835813000155 -46.99574641207607
-0.25954825670819937 0.09027427985301568 0.961501563616384 36.11626372276822 -0.24923517333960538 0.9556318563209846 -0.15700185844405348 -4.217862092205251 -0.9330147538008732 -0.280389567533331 -0.22553305657566114 -47.818568574055725
-0.2838970024754659 0.07812554111884042 0.9556667263279239 36.53535018159229 -0.2688287271284795 0.950216930941748 -0.1575401524124163 -4.319966729642494 -0.9203986133496285 -0.30163584663718834 -0.24876134862060129 -47.843610507245685
-0.2858891907043735 0.08067278488385471 0.9548608654759494 36.22627458501232 -0.2765385668812965 0.9471102296682916 -0.162814722568063 -4.159919710306237 -0.9174932106918448 -0.31060282457949256 -0.2484594407496006 -48.4434688540612
-0.29353454094924325 0.08147573493449216 0.9524700404141849 36.74414850843242 -0.26987631356512354 0.9487688535955255 -0.16433027056367908 -4.343238423952555 -0.9170628378940067 -0.30528571382217734 -0.25650805891797607 -48.39261713458786
-0.295312770442634 0.07747346713783942 0.9522542882566275 37.35322021278783 -0.26824956280621753 0.9498901840637488 -0.16047059005815167 -4.526642554564455 -0.9169692141330387 -0.30283081102982146 -0.2597324781833254 -48.290265221757345
-0.30568868949524214 0.08424457457876823 0.9483972146567712 37.83683799635822 -0.25815437905006583 0.9514333042592735 -0.16772293857298184 -4.787448614158855 -0.916466443298362 -0.296103899333195 -0.2690942940824299 -48.30108821796814
-0.31360360161903295 0.07988464746605985 0.9461877319807059 38.359779796035795 -0.26387374072411757 0.9498751348827195 -0.16765403987914385 -4.978725438032931 -0.9121531834115504 -0.3022510069970963 -0.2768048026342923 -48.30213071085606
-0.32213681867610555 0.07972007011153494 0.943330578575002 38.90191223689297 -0.27308814111364255 0.9462643010483573 -0.1732245356309556 -5.233792970227277 -0.9064495227183512 -0.31341439498350393 -0.2830559658102815 -48.27703237966572
-0.32597265427254446 0.07784857976508475 0.9421684707604417 39.49813204391924 -0.2856555643376188 0.9419090349155629 -0.17665862137860797 -5.446635583711244 -0.9011896177994186 -0.32672154592709673 -0.28479870820904274 -48.2183882451052
-0.3424289977477998 0.07613953564225157 0.9364534973043872 39.880780548761535 -0.2853411352167933 0.941205684841232 -0.18086540679671265 -5.771582088691551 -0.8951663633395875 -0.3291422639752145 -0.3005703777996785 -48.32609095897647
-0.34442285870615863 0.0669239118262177 0.9364262301038733 39.8199981568045 -0.28726977228688255 0.9420992282901424 -0.17298879150211458 -6.2517269668187225 -0.8937835153609144 -0.32858824397868336 -0.3052552924816955 -48.786573735047625
-0.3603332945906103 0.06918784525453439 0.9302542442141873 40.09689788882413 -0.2799281680976236 0.9432642590629973 -0.1785854369198248 -6.551711261985569 -0.8898315219832226 -0.324754645299139 -0.3205218913610205 -49.00046539062935
-0.37573705746781344 0.0741987914324833 0.9237511585894688 40.4657227175057 -0.26865467921354463 0.9452643599789994 -0.18520246512981864 -6.820021324409451 -0.8869308467868787 -0.31775750046765555 -0.33523699663738177 -49.15204766869318
-0.3532373684129988 0.045735256738893 0.9344151367821932 39.966862164745116 -0.25351392446888876 0.9567536261916892 -0.14266460272063944 -7.192483882524031 -0.9005298727177437 -0.2872817172395098 -0.3263666087130804 -50.00984030268688
-0.33561420175414747 0.0381357850297399 0.9412272677101369 39.52303606499368 -0.2589467504327578 0.9569523782947178 -0.13110578216234453 -7.392304532437504 -0.9057094942757502 -0.28772870481800955 -0.31129167094946447 -50.8480214560537
-0.342757548763034 0.039302573703297344 0.9386013906159792 40.12478176519744 -0.2557466167241886 0.9574836867431605 -0.1334865448457564 -7.542995341424173 -0.9039418846364411 -0.2857976510068308 -0.31813326119551016 -50.876571418073475
-0.34908371522822323 0.033061156811087435 0.9365081524860157 39.91139731023711 -0.25834677767641606 0.9572528011314434 -0.13009234101291062 -7.823867188599244 -0.900776055535818 -0.28735698118597675 -0.32562012090319176 -51.54090197629368
-0.33732000960051867 0.028134935578636368 0.9409695194442212 39.5005026283517 -0.26471996117569435 0.9563852850180045 -0.1234930312048848 -8.10406334105535 -0.9034038705242736 -0.29075008512641226 -0.3151600144700139 -52.355392688390694
-0.34637310717763514 0.029147492017651818 0.9376439059329443 40.1323103111659 -0.2632336316051704 0.956340345602601 -0.12696928197265886 -8.218472031961365 -0.9004075331848672 -0.29079815522416624 -0.3235779768497203 -52.41817242015037
-0.3438010794524234 -0.0023737898005651847 0.9390395001752204 41.15663564720406 -0.2549403058818745 0.962674236957425 -0.09090519201506828 -8.107417922373894 -0.9037733444864362 -0.2706523205524408 -0.3315736165248592 -52.20991985291886
-0.38240822276104636 -0.009596026415544108 0.9239436494947982 41.25281089325785 -0.2536541396073138 0.9626199441666624 -0.09498642299110853 -8.278667257323939 -0.8884950920656821 -0.27068572066070057 -0.37054785386719813 -52.6891716941739
-0.39770446898712236 -0.019566446770746336 0.9173049163219584 41.801084485322086 -0.26409360788926545 0.9599030799414704 -0.09402469564380966 -8.362507708241631 -0.8786840852204483 -0.279648406538721 -0.38692511820848835 -52.84118171537828
-0.40210320354940066 -0.009699188683174792 0.9155429751978843 42.44207370167031 -0.2407184090941017 0.9658862665817657 -0.095490143742398 -8.45838929691486 -0.8833842092875033 -0.2587849411531235 -0.39072073532621876 -52.93516484740734
-0.41509324514722634 0.005961317588252157 0.9097593420931455 42.99697193098141 -0.2219662683030321 0.9690962865808427 -0.10762603342522652 -8.629310989862098 -0.8822859930707072 -0.24661072569503567 -0.4009421110377381 -53.098636177231214
-0.4250159217188453 0.004867333088030744 0.9051727875682559 43.510122781736875 -0.21812290745989854 0.9699677514937022 -0.10763344416812115 -8.763956431343233 -0.878512301295044 -0.24318484765885426 -0.411190061093918 -53.30307756659014
-0.4280755217626454 0.003367061156646178 0.9037366931616767 44.13522732072357 -0.22007463187340306 0.9695021177831117 -0.10785545892465423 -8.874587055571704 -0.8765377938648272 -0.24505980191216092 -0.41427912017545426 -53.429819459362726
-0.4738253178513481 -0.07491699635477557 0.8774263569213336 43.98593360706924 -0.24690311077813515 0.9677126385676784 -0.05070604544294504 -8.933361200924944 -0.8452978303835536 -0.2406651051015889 -0.47702398800824836 -54.22251059035797
-0.48438387599605953 -0.05243900421689542 0.8732825496434535 44.49620978532391 -0.21788982697696638 0.9739783521748924 -0.062371410074078995 -9.054901187003844 -0.8472876040489294 -0.220491089006835 -0.48320533491839657 -54.47623035979378
-0.5026686677380008 -0.06459808555839157 0.8620622354660311 44.74783050763008 -0.2278362944964311 0.9718474302430881 -0.06002662109466262 -9.194603037385184 -0.8339153634420179 -0.22658256700835513 -0.503235041450083 -54.96168830624638
-0.4928403450772797 -0.06588296540514163 0.8676219390572885 44.56685142803807 -0.21674782745519383 0.9749928751729211 -0.04908434226405471 -9.436288542247196 -0.8426913869012514 -0.21224591452243488 -0.4947958146659846 -55.7668779869526
-0.51114411915833 -0.06420696907498802 0.8570934339802485 45.015255072101326 -0.21227512693661865 0.9757443997499774 -0.053498942425053424 -9.651833586348134 -0.8328691133268722 -0.2092852872964528 -0.5123755542444873 -56.091429228112915
-0.5240373968279743 -0.0544042858462206 0.849955869682255 45.56847224957787 -0.19540265002546184 0.9790178062915573 -0.05780950896776954 -9.751861187137065 -0.828976845930439 -0.19637797393197945 -0.5236726842843591 -56.37332000379207
-0.4935493739802983 -0.06908892956875004 0.866969281609617 45.27228683170608 -0.17060996744517018 0.9851627460406931 -0.01861727213960108 -10.093089296007514 -0.8528195907998388 -0.15710214392109767 -0.49801371660164484 -57.32055528729444
-0.4935493738948528 -0.06908892999489859 0.8669692816242996 46.10039911674279 -0.17060996749956187 0.9851627460401624 -0.018617271669232337 -9.953202917259551 -0.852819590838407 -0.15710214373701756 -0.4980137165936683 -57.44559689258089
-0.5001602208179716 -0.06428964896306845 0.863543047304255 46.719418064349874 -0.17341728434280937 0.9844741436763299 -0.027149694729836783 -10.081502042618535 -0.8483903576788658 -0.16333248748783105 -0.5035437414252676 -57.714586002950895
-0.46386013798867165 -0.06949825273493745 0.8831782182843487 46.412929956141845 -0.18201779448849054 0.9831261296359188 -0.01823556186808181 -10.40286555651428 -0.8670082438331637 -0.1692129016768185 -0.46868294083680634 -58.701494310335256
-0.4364400565516173 -0.07163928711773372 0.8968767415751618 46.105527380349656 -0.18583219142163482 0.9825088169451236 -0.011950784766151731 -10.752368680068265 -0.8803331606094617 -0.17188437150118033 -0.44211908934696786 -59.6869712474695
-0.4529800529640243 -0.07290073599073515 0.8885350608213018 46.71500850613194 -0.19006133161809666 0.9816359832587493 -0.0163550174314944 -10.666617637663903 -0.8710256952812905 -0.17628465351140654 -0.4585171306462822 -60.04225185059746
-0.46456775626679164 -0.061183359992566085 0.8834214148962289 47.42683574407013 -0.1807902570731396 0.9831514807335073 -0.026982380898273824 -10.778883384571545 -0.8668861994429583 -0.17224912885565066 -0.4678018328563972 -60.29642091170752
-0.4727745937049571 -0.06086209412272413 0.8790790573356333 48.089266400789974 -0.17451727730090008 0.9843184453110914 -0.02570832829719253 -10.819562829327042 -0.8637290683255849 -0.1655687280839932 -0.4759822400153787 -60.570593447570104
-0.4842829506418807 -0.06337107173969424 0.8726133914765188 48.72241767274587 -0.1716784024440762 0.984866604866262 -0.023754931139685565 -10.860688507206799 -0.8579024127788855 -0.1613129811446154 -0.4878335497507277 -60.880098517435265
