1 0 0 0 0 1 0 0 0 0 1 0
0.9996700747737798 -0.021597872517027973 -0.013902284147723654 -0.12727493075854576 0.021506214848832212 0.9997462032275624 -0.006709087490047172 0.12122956997855372 0.014043657809193089 0.006407888483068974 0.9998808502219284 -0.9457329278659765
0.9996700747737801 -0.0215978725170296 -0.013902284147716987 1.3066197889820215 0.021506214848833742 0.9997462032275625 -0.006709087490057243 0.21431159819964463 0.014043657809186653 0.006407888483079058 0.9998808502219284 -1.397633040191084
0.9996700747737786 -0.02159787251699212 -0.013902284147873579 2.4678618861743185 0.021506214848795214 0.9997462032275632 -0.006709087490058927 0.25232927889212975 0.014043657809343003 0.006407888483077965 0.9998808502219261 -1.4804832394785676
0.9996700747737787 -0.02159787251699093 -0.013902284147877678 3.5362803433633623 0.021506214848794062 0.9997462032275632 -0.006709087490054465 0.2793290399101784 0.014043657809347002 0.006407888483073594 0.9998808502219261 -1.4957357233835074
0.9997027047881357 0.02292326920514566 0.008308174783578521 4.5608022495766924 0.02286886709406745 -0.9997167867089207 0.006584929021988168 0.30316727320055387 0.008456769898723035 -0.00639297280919977 -0.9999438048918251 -1.4926120205710738
0.9997037545813361 -0.023020305229150412 -0.00790370945425492 5.276615285921167 0.022968566616373084 0.999714562107566 -0.006575656443812922 0.415254901471422 0.008052827054504512 0.006392171558600829 0.9999471446627545 -2.22389122131453
0.9997037545813358 -0.023020305229170812 -0.007903709454274946 6.463144345425612 0.02296856661639339 0.9997145621075656 -0.006575656443806498 0.24988049353662756 0.008052827054524571 0.006392171558593781 0.9999471446627544 -1.6639853941404157
0.9997037545813359 -0.02302030522920929 -0.007903709454114421 7.423141293746504 0.022968566616432845 0.9997145621075648 -0.0065756564437880706 0.2714068232481813 0.008052827054365292 0.00639217155857873 0.9999471446627558 -1.6471509095441055
-0.5068374299288836 0.04338301430641736 -0.860949321210473 8.47928685893421 0.013953654811293549 -0.9981891252582376 -0.058512953553910674 0.2865584317069272 -0.8619287181318958 -0.04166994463500047 0.5053142592225387 -0.9573206127312242
-0.5075028304342165 -0.04328050147524118 0.8605624180112165 9.224904819671705 0.014110773938348538 0.9981862889673417 0.058523658262856604 0.34782733594432924 -0.8615345397371607 0.041844123956159225 -0.5059716455792955 -2.1049095321005007
-0.510027254046298 0.0429505354340521 -0.8590852411931673 9.829998264833787 0.014588175999071473 -0.9981769824327799 -0.058565321329355866 0.40846038495379966 -0.8600345256156957 -0.042402396716680946 0.5084708954322424 -3.3446892201232905
-0.4981242114180246 0.03473933485049143 -0.8664095155371491 10.806799751194205 0.03192046188062978 -0.9977852058990624 -0.05835894963322826 0.20266476190258265 -0.8665179479459728 -0.05672619767895462 0.49591207323918635 -3.4375611583423993
-0.49812421240769267 0.03473933727286212 -0.866409514871033 11.771035778975255 0.031920458307553926 -0.9977852059654441 -0.05835895045263355 0.08907895784765194 -0.8665179475086784 -0.05672619502786653 0.49591207430653184 -3.3042345415625225
-0.49767332191006186 -0.034777501502586634 0.8666670583610766 12.31961653191249 0.03187415992555944 0.9977876509127146 0.05834245122659226 0.1322064330966587 -0.8667786929707288 0.05665976593072909 -0.495463791145861 -4.558063815383593
-0.4976733219101954 -0.03477750150260195 0.8666670583609993 12.996809032756316 0.031874159925546 0.997787650912714 0.05834245122661219 -0.0181082869310495 -0.8667786929706526 0.05665976593073272 -0.4954637911459938 -5.3239401999827916
-0.4976733219099632 -0.03477750150258225 0.8666670583611333 13.396400836350027 0.03187415992549751 0.9977876509127194 0.05834245122654433 0.0155405250961 -0.8667786929707876 0.05665976593064765 -0.49546379114576716 -6.6348092085765344
-0.49767332190996544 -0.034777501502578426 0.8666670583611322 14.342702290231289 0.03187415992550147 0.9977876509127196 0.05834245122654241 -0.111198023953742 -0.8667786929707861 0.056659765930650155 -0.4954637911457694 -6.745899016830011
-0.49767332190988783 -0.034777501502515885 0.8666670583611793 14.675015086387866 0.03187415992548523 0.9977876509127249 0.058342451226455434 -0.08427830289885668 -0.8667786929708312 0.05665976593058968 -0.4954637911456973 -8.069075898189267
-0.49767332190992675 -0.03477750150250924 0.8666670583611571 15.511411209785503 0.031874159925497275 0.9977876509127245 0.05834245122645762 -0.235037387862297 -0.8667786929708082 0.05665976593060277 -0.49546379114573574 -8.395377332175679
-0.40514028558217424 0.045903417816156755 -0.9131014320606389 15.771986754178373 0.013156970132876892 -0.9983425966738145 -0.056026367038287436 -0.22254545003206488 -0.9141598564448764 -0.03471218661193236 0.4038648548280724 -9.72655858884275
-0.40514028558228166 0.045903417816182956 -0.9131014320605898 15.963797700500562 0.013156970132898134 -0.9983425966738118 -0.05602636703833001 -0.21707467666266 -0.9141598564448284 -0.03471218661197434 0.4038648548281772 -11.05466398022915
-0.40514028558230586 0.0459034178161933 -0.9131014320605786 16.676826378384764 0.013156970132910195 -0.9983425966738103 -0.05602636703834736 0.8185171500442245 -0.9141598564448176 -0.03471218661199366 0.4038648548282001 -11.545359943232796
-0.40514028558226156 0.045903417816194274 -0.9131014320605984 17.082229333917486 0.013156970132913268 -0.99834259667381 -0.05602636703834696 0.691367241458697 -0.9141598564448377 -0.0347121866119943 0.4038648548281545 -12.49226785017222
0.9724842512758302 0.16632386873603114 -0.1631280224522034 17.94660823715361 -0.12037261841011206 0.9582362635043116 0.259410285151512 0.8807875492520558 0.1994613089237669 -0.23263626973018087 0.9518905148431954 -12.76872336200303
0.9724842512758631 0.16632386873599583 -0.16312802245204208 19.170332409068592 -0.12037261841011944 0.9582362635043148 0.25941028515149683 0.9560865889836967 0.19946130892360112 -0.2326362697301929 0.9518905148432272 -12.500977437241582
0.9724842512759136 0.16632386873594648 -0.1631280224517911 20.26708947813542 -0.12037261841012685 0.9582362635043081 0.25941028515151676 0.8408325135065111 0.19946130892335 -0.23263626973025578 0.9518905148432648 -12.37830230027886
0.8245927865537377 0.00614769733656502 -0.56569332874005 21.179119023787408 -0.10730894246960211 -0.9800876335592354 -0.16707190491017007 0.7154261547377911 -0.5554561433899109 0.19847024049392256 -0.8075134899236613 -12.534788283347927
0.8245927865538278 0.0061476973365157065 -0.5656933287399184 21.399817219526174 -0.10730894246963464 -0.9800876335592289 -0.16707190491018784 0.6037242628090463 -0.5554561433897702 0.1984702404939566 -0.8075134899237498 -13.757345351619604
-0.9538092862523513 0.029425828128840904 0.29896816903762397 21.581185708501412 0.03896790571708417 0.9989020389712128 0.02600420856665093 0.5329514059180642 -0.297874718267268 0.03645321903598188 -0.953908703723323 -14.972362994550673
-0.9538092862523645 0.02942582812947258 0.29896816903751927 22.22375539014508 0.03896790571757159 0.9989020389712079 0.02600420856610676 -0.4804852803013339 -0.29787471826716166 0.03645321903560484 -0.9539087037233706 -15.476633384392834
-0.9538092862523703 0.02942582812949021 0.29896816903749934 22.690801502165808 0.038967905717582345 0.9989020389712076 0.026004208566085447 -1.179166104630231 -0.2978747182671418 0.036453219035587375 -0.9539087037233781 -16.161383931914255
-0.9538092862523776 0.029425828129510577 0.2989681690374744 22.83977371328734 0.03896790571758807 0.9989020389712086 0.02600420856603834 -1.198916174963498 -0.2978747182671181 0.03645321903554368 -0.9539087037233874 -17.29755733866519
0.9538092551645253 0.029428801095101386 -0.298967975590356 23.388074149990704 -0.038968960986662075 0.9989021687267606 -0.025997642058315475 -2.2534833962971694 0.29787467975998405 0.03644726298471819 0.9539089433372616 -17.773033670961834
0.9538092551645728 0.02942880109500816 -0.29896797559021304 23.896378408031143 -0.03896896098659864 0.9989021687267596 -0.025997642058443335 -3.3272580895067967 0.2978746797598396 0.03644726298481685 0.9539089433373029 -18.219469800953092
0.9536852347044923 -0.029521672703984602 0.299354211507694 24.993167615534087 -0.03907675437422868 -0.998898368856721 0.025981839098805845 -3.3856578868089486 0.2982574062353069 -0.03647628731297654 -0.9537882365020285 -18.02456268225989
-0.8949831497584074 0.06943476322594734 -0.44066310862639024 25.142592198292093 -0.17610765456502747 0.8525888331598245 0.49201460910705785 -3.124209370410399 0.40986736348740854 0.5179489310993173 -0.7508246460532292 -19.152420746396434
-0.8937707947181974 -0.07002750266069101 0.4430236058946589 25.570686025849202 -0.17684051303636422 -0.8527057896020575 -0.4915488473469999 -3.48069936487811 0.4121907318922054 -0.5176765256897768 0.7497398317362708 -19.763526716510945
-0.8937837289234563 -0.07470622652561457 0.4422325470043819 26.630447165960742 -0.1717184192125849 -0.8538933856453358 -0.49130323676348164 -4.077863508903101 0.4143228577025502 -0.5150583128825793 0.750367579200851 -19.47516320617826
-0.8927117740641861 -0.07770078662645236 0.44387867284293075 26.727803763759415 -0.1698808262452153 -0.8543169826718684 -0.4912056575332514 -3.6651723120393815 0.41738015444126164 -0.5139115496620639 0.749458955382165 -20.645005022421266
-0.8920025019482216 -0.07923320422178837 0.44503217396819594 26.79593015228607 -0.16899210782911195 -0.8546767723635643 -0.49088622131169013 -3.2545882860132602 0.4192531502679276 -0.5130786627125968 0.7489840331138395 -21.8259109393222
-0.892002501948216 -0.07923320422179576 0.44503217396820594 27.87165107243762 -0.1689921078291105 -0.854676772363565 -0.4908862213116891 -3.650838098481085 0.4192531502679401 -0.5130786627125941 0.7489840331138343 -21.522725216822355
-0.892595378381576 -0.08326028185252372 0.44310406899247334 28.89933563382982 -0.16447963456975384 -0.8549316822792712 -0.4919738493527176 -4.238522357849774 0.4197855884897026 -0.5120151795610857 0.7494134477011899 -21.208627683210963
-0.8966485070346729 -0.13214251356698156 0.4225633809746051 29.747146486222622 -0.1153337590125295 -0.8517555164352245 -0.5110877265736271 -5.0322844038197285 0.4274571076313115 -0.507001870144836 0.748484819355151 -21.04476089015621
-0.8966589546231304 -0.12834065611991896 0.4237114526194224 29.85290749556096 -0.11957034558859926 -0.851291044563874 -0.5108879426069538 -4.577297095960151 0.42626945885199535 -0.508755573367068 0.7479720014933537 -22.16262654551579
-0.8970425109206039 -0.12951667036571446 0.42254013501516563 30.858758366259046 -0.11773797593324645 -0.8515047077592405 -0.510957436277218 -5.130955491742484 0.4259724200278647 -0.5080995618589196 0.7485868904905957 -21.790554904233222
-0.8995690347357469 -0.08414522182920824 0.4285967024930401 30.897515823189416 -0.16988462069504667 -0.8365963922617367 -0.5208125306729293 -4.785330362923422 0.40238634096585824 -0.5413188137299095 0.7382812299565473 -22.936008156722956
-0.8962909150050564 -0.06147197633099885 0.4391853729410374 30.978220992222457 -0.19174805970442327 -0.8392645731288196 -0.5087903869871006 -4.32253041431877 0.3998690751720911 -0.5402371446104552 0.7404380799932968 -23.981877945740983
-0.8967040410102243 -0.062367799504109554 0.4382146967194819 31.943975807783858 -0.1906248822785643 -0.8390951469799391 -0.5094914018616924 -4.936259190136878 0.39947968295297986 -0.5403976238842345 0.7405311546505395 -23.65009277968145
-0.8964646519396723 -0.0740885328991748 0.4368775768055945 32.894419248202624 -0.18002282869767955 -0.8399973420003395 -0.5118556892133223 -5.582506264791696 0.40489864036615925 -0.537508469445096 0.7396902975600179 -23.310698618643528
-0.8899438504134053 -0.02192512237184466 0.45554278846266444 32.96877377030602 -0.23458554069439339 -0.8345750037836351 -0.4984517902030834 -5.076793774213196 0.39111324090150323 -0.5504578567597359 0.737581575639605 -24.363136401396122
-0.8902624708315863 -0.025096509910604362 0.4547558666132231 33.89445444500178 -0.23158012200832442 -0.8348299289457772 -0.49942931114121897 -5.682173860736879 0.39217774046909404 -0.5499355916165936 0.7374059024403489 -23.97949916956678
-0.8957770860559519 -0.2129700370827233 0.3901630113197418 34.48371139273532 -0.12296423928106104 -0.7247702003797627 -0.6779291648096449 -6.162995557140828 0.4271571232639506 -0.6552495096880733 0.6230448395568395 -24.050141262171845
-0.8990665217423729 -0.18425255154484377 0.3971528505893967 34.659820588457485 -0.14677931472598005 -0.7277812013067594 -0.6699181709679597 -5.511457631316105 0.4124745110314564 -0.6605948230751614 0.6272792499960923 -24.949874516477877
-0.8996539267404247 -0.17783432964807475 0.3987452360833319 34.7700431234278 -0.1509575037614619 -0.7302634197718398 -0.6662785977361426 -4.843255797140352 0.40967626750720965 -0.6596137422323435 0.6301389266658645 -25.870476688574357
-0.9026019179937733 -0.20188840661519591 0.3801984335953223 35.496565265227 -0.12696658769396363 -0.7190614495957117 -0.6832496742148216 -4.9294795311197985 0.41132622484265335 -0.6649749641751115 0.6233931614775731 -25.761144847840878
-0.9012904628573379 -0.19609144062168107 0.386294768897169 35.56059128275948 -0.13270648990785933 -0.7238541640499562 -0.6770702598134626 -4.282165249654061 0.4123887596658491 -0.6615007907043292 0.6263802477719211 -26.647691853640403
-0.9012904628569568 -0.1960914406231522 0.38629476889731157 36.38647624916971 -0.13270648990627174 -0.7238541640509959 -0.6770702598126621 -3.6209167455560936 0.412388759667193 -0.6615007907027552 0.6263802477726984 -26.443966549230822
-0.9012904628569602 -0.19609144062310874 0.38629476889732506 37.187081353137984 -0.13270648990635947 -0.7238541640509207 -0.6770702598127251 -2.944929742357333 0.41238875966715666 -0.66150079070285 0.626380247772622 -26.208516940398933
0.11382795740627212 -0.13269067988343453 0.9845996036891266 38.00739566918625 0.4864619637508078 0.8715544977510465 0.061216952501925326 -3.3087642585102053 -0.8662551321270333 0.47200205605695156 0.1637562369547801 -25.751915739907158
0.11228059450463501 0.1327281959952837 -0.9847722041596831 38.014527187536196 0.4866571277612622 -0.8713930370527485 -0.06195978514439732 -2.8143626897250775 -0.8663474522943116 -0.47228953086408915 -0.16243365088348433 -26.544255003282277
-0.11228056314313443 0.13271451887216779 0.9847740510496745 38.55577998350286 -0.4866573336679348 -0.8713937841774457 0.06194765923036744 -1.9775376172730716 0.866347340693949 -0.4722919958854235 0.16242707870022624 -26.535823595095856
-0.2075374414875683 -0.1366390246643175 -0.9686371804342301 39.19005061303957 -0.5116027602348125 0.8591440750809366 -0.011579031627761752 -2.528595601192186 0.8337810420613523 0.49315437257729183 -0.24820946538556254 -26.216021390682332
-0.2075374414875688 -0.13663902466432276 -0.9686371804342292 39.79409288708456 -0.5116027602348128 0.8591440750809363 -0.011579031627766181 -3.098967529958576 0.8337810420613521 0.49315437257729067 -0.24820946538556568 -25.897780485971545
-0.2075374414875971 -0.136639024664301 -0.9686371804342263 39.52042140142675 -0.5116027602347815 0.8591440750809552 -0.011579031627741135 -3.1568076309331463 0.833781042061364 0.49315437257726374 -0.24820946538557828 -26.864332425404868
-0.20753743025217686 -0.13663901383061539 -0.9686371843697293 39.73746265869104 -0.5116027672626207 0.8591440709742837 -0.011579025820752268 -3.516493046750978 0.8337810405457484 0.49315438273336726 -0.2482094502981791 -27.031283394661425
-0.2075374302522452 -0.1366390138305388 -0.9686371843697253 39.426701129380554 -0.5116027672624713 0.8591440709743733 -0.011579025820692973 -3.657505357791531 0.8337810405458228 0.4931543827332322 -0.24820945029819683 -27.941409710474893
-0.20753743025250934 -0.13663901383055552 -0.9686371843696664 39.31589529836631 -0.511602767262525 0.8591440709743433 -0.01157902582055331 -4.150881895348865 0.8337810405457244 0.49315438273327994 -0.24820945029843353 -28.484183256141932
-0.2075374302524944 -0.1366390138305701 -0.9686371843696675 38.9430176019385 -0.5116027672625354 0.8591440709743371 -0.01157902582057098 -4.314595610486339 0.8337810405457218 0.49315438273328727 -0.24820945029842828 -29.400400518333363
-0.2075374302523132 -0.13663901383057636 -0.9686371843697054 38.60849232491953 -0.5116027672625265 0.8591440709743409 -0.01157902582067414 -4.6242575734849485 0.8337810405457722 0.49315438273327894 -0.24820945029827537 -30.211082510284516
0.5385828132240356 0.5023544598034839 -0.6764381346547742 38.2133589312393 0.5483899825265154 -0.8185041662108177 -0.17122896063486528 -4.777642831254037 -0.6396850634212486 -0.2787309215194483 -0.716318429907172 -31.09175356096995
0.5385828132240349 0.5023544598033557 -0.6764381346548699 37.87961219264596 0.5483899825264059 -0.8185041662108975 -0.17122896063483325 -4.429915976315739 -0.639685063421343 -0.278730921519444 -0.7163184299070893 -31.957454278063278
-0.5494984872325812 -0.17030048134370437 -0.817954252133458 37.41100142211101 -0.5481860661133402 0.8123010443353521 0.19914580158986714 -4.450931566023909 0.6305104673582195 0.5578214404500754 -0.539714545964741 -32.86153547102594
0.6605151716208708 0.4275600852976031 -0.6171807527126513 36.93351349395573 0.5338879730712112 -0.8454340978481548 -0.014311478106187582 -4.386894943806288 -0.5279046696786831 -0.3200524326668672 -0.7866912355400083 -33.76915749086761
-0.8409805745279406 0.5269711773655816 0.12269087778878783 36.825746302364976 -0.2616403206465724 -0.5945587830011726 0.7602921781579219 -3.607509230208338 0.4735990032491707 0.6072900721912864 0.6378892947363973 -34.34092275448397
0.19747081478487183 0.18546744657696906 -0.9626043338612253 36.884271729561036 0.9686133068515271 -0.18814086078986503 0.16245392667273875 -2.9627472041295793 -0.15097529300631066 -0.9644712762760073 -0.21679856581673357 -34.67579159402354
0.1960990264073012 -0.1855346386707869 0.9628717825834362 37.108776451889355 0.96889738601391 0.18781007985438578 -0.16113729947003413 -1.9954822180928442 -0.15094047574297093 0.9645228207556277 0.21659340023208803 -34.85278407312852
0.19609902640745666 -0.18553463867073045 0.9628717825834153 37.58598374280755 0.9688973860138931 0.18781007985431758 -0.16113729947021474 -1.9095035302345047 -0.1509404757428771 0.9645228207556519 0.2165934002320463 -34.6909160718399
0.19609902640737967 -0.18553463867073894 0.9628717825834293 38.177000270786024 0.9688973860139122 0.18781007985428083 -0.16113729947014407 -2.223342561475174 -0.1509404757428563 0.9645228207556574 0.2165934002320363 -34.37756459027751
-0.9530685160204344 -0.16027617452313248 0.2568500567467955 38.672066349843256 -0.2780592067479173 0.1277895788314016 -0.9520256829964233 -2.8790287525838574 0.11976427394394248 -0.9787652279389216 -0.16635849020821386 -34.132481782753935
0.6471425999318199 -0.08310038481739633 0.7578263530629428 39.06488150126888 0.7500091250809595 0.24766585421429058 -0.6133090060903995 -3.703470966022689 -0.13672149665934627 0.965275064786981 0.22260117172136162 -33.97114437442001
0.6471425999319045 -0.0831003848175701 0.7578263530628512 38.64963708859489 0.7500091250809912 0.2476658542137234 -0.6133090060905898 -3.795895260394507 -0.13672149665877137 0.9652750647871116 0.2226011717211487 -34.777011554638975
0.640679167754724 0.08435555926862548 -0.7631607587039481 39.07383714731367 0.7555455255065812 -0.24619846658328073 0.6070727089393981 -3.026095041102348 -0.1366790506701418 -0.9655415344108832 -0.22146869403008512 -34.71848704273001
0.6406791677547234 0.08435555926862547 -0.7631607587039484 38.98429238935997 0.7555455255065814 -0.24619846658328068 0.6070727089393977 -3.836027209345614 -0.13667905067014183 -0.9655415344108832 -0.2214686940300851 -35.07747397976805
0.6406791677548687 0.08435555926860909 -0.7631607587038284 38.912961009229406 0.7555455255064598 -0.24619846658331046 0.6070727089395369 -3.0332158202881683 -0.13667905067013303 -0.965541534410877 -0.2214686940301173 -35.56379091888165
0.6406791677549255 0.08435555926858303 -0.7631607587037835 38.74209285143825 0.755545525506407 -0.24619846658334416 0.6070727089395891 -2.3823124600645516 -0.1366790506701591 -0.9655415344108706 -0.22146869403012873 -36.123301001943105
0.5066283548930428 0.25145379648484456 -0.8246809675575891 38.46939337506782 -0.8599669646142075 0.21563499907229527 -0.4625563392142746 -2.3356444372047553 0.06151853209066158 0.9435425456270932 0.3254887629411502 -36.74698543925683
0.5093869810471098 -0.2510386892415511 0.8231066030858879 38.87673469405878 -0.8583528441071051 -0.21633704260812053 0.4652189581356391 -3.186554215311716 0.06128049080212841 -0.9434923743727142 -0.3256790459142154 -36.59083792436798
-0.24517470984946726 -0.28472006066098404 0.9267274943085635 39.47333736774392 0.9670394410629107 -0.004053157484681346 0.2545943662831743 -2.783134459811553 -0.06873195093227497 0.9586021379965793 0.27632926003128183 -36.31525180760614
-0.2451747098492924 -0.2847200606609671 0.926727494308615 40.00449105491148 0.967039441062961 -0.004053157484704123 0.254594366282984 -2.2349935140587456 -0.06873195093219511 0.9586021379965842 0.27632926003128444 -36.12353292779595
-0.24517470984927334 -0.2847200606609706 0.9267274943086189 40.639990971505036 0.9670394410629672 -0.004053157484714517 0.2545943662829615 -2.3715027206758315 -0.06873195093217993 0.9586021379965832 0.2763292600312921 -35.75369743918344
-0.2451747098509973 -0.284720060654197 0.926727494310244 40.460789016216616 0.9670394410630686 -0.004053157490873386 0.25459436628247845 -2.3404679846650622 -0.06873195092460366 0.9586021379985691 0.27632926002628766 -36.296623164434116
-0.2441664978633072 0.2847517294730538 -0.9269839124188004 40.51080097264265 0.9673062447872728 0.003927971951339149 -0.2535807560361955 -1.383357791500308 -0.06856639203506892 -0.958593252426939 -0.2764012052883296 -36.63173796256583
0.9804150938788874 -0.031268625193027144 -0.19444412249534102 40.33723529285811 -0.17924313687841195 0.2673943559177656 -0.9467693258155894 -2.141045485932441 0.08159743608982335 0.9630797119147854 0.25655277609432825 -37.11218030058475
0.9804150938788644 -0.03126862519282074 -0.19444412249549017 40.10993396881674 -0.17924313687859 0.26739435591799043 -0.9467693258154921 -3.0066519692800737 0.08159743608970854 0.9630797119147299 0.25655277609457394 -37.6091448200344
0.9804150938788954 -0.031268625192854976 -0.19444412249532836 40.747134946882035 -0.17924313687842222 0.2673943559180212 -0.9467693258155156 -3.159488276799947 0.08159743608970431 0.9630797119147207 0.25655277609461147 -37.21412382480306
0.9803653738793475 0.03120540303199791 0.19470479326408582 41.3612651510855 -0.17951210503622683 -0.2673827884416689 0.9467216320495782 -3.3095592691366513 0.08160354063313166 -0.9630849740634388 -0.25653107977274237 -36.80659556072443
0.980365373879318 0.031205403031957495 0.1947047932642419 41.95487783277996 -0.17951210503638565 -0.26738278844167607 0.9467216320495456 -3.4572290358732998 0.08160354063313537 -0.9630849740634382 -0.2565310797727438 -36.38954165153841
0.980365373879319 0.031205403031951656 0.19470479326423643 41.92053142133976 -0.17951210503638126 -0.2673827884416862 0.9467216320495436 -2.5418909426680227 0.0816035406331303 -0.9630849740634356 -0.2565310797727553 -36.76212379525642
0.9803653738793234 0.031205403031957627 0.19470479326421453 41.55588398278384 -0.17951210503635892 -0.2673827884416828 0.9467216320495487 -2.398232009459104 0.0816035406331296 -0.9630849740634364 -0.2565310797727526 -37.39788046256385
0.9803653738793231 0.031205403031954394 0.19470479326421597 42.11648058534836 -0.1795121050363599 -0.26738278844169744 0.9467216320495443 -2.550845326924738 0.08160354063312963 -0.9630849740634324 -0.25653107977276757 -36.947824656474424
-0.9811343389740601 -0.01778874118809957 -0.19250706369603635 42.69190922503117 0.19086408783848105 0.06931695222718842 -0.9791660023241788 -2.4842121434885676 0.03076213353314284 -0.9974360735510241 -0.06461401024245965 -36.45002187586668
-0.9811343389740753 -0.01778874118811986 -0.19250706369595713 42.37006716418318 0.1908640878384008 0.06931695222718401 -0.9791660023241948 -2.3295984219476904 0.030762133533156648 -0.9974360735510241 -0.06461401024245403 -36.99491337100444
0.8043944889215161 -0.05188232991709418 0.591825759861008 42.545471686410885 0.585633939182508 0.2367795463129821 -0.7752214752736105 -3.297462729058363 -0.09991193857726145 0.9701771334607917 0.22084821538681723 -36.8688050613543
0.8055390853484711 0.05152331004769818 -0.5902983402464133 42.92688863480315 0.584056245030928 -0.23704039062610008 0.7763312153019448 -2.686114059286909 -0.09992539525223788 -0.9701325691541139 -0.22103781045361903 -36.60752533021444
0.7145594197573503 -0.0764433859709306 0.6953856803079362 43.28844261014422 0.692721595712838 0.21610924660983086 -0.6880651018346935 -2.0273630941442504 -0.0976812493219338 0.9733720780210606 0.20737688217319789 -36.370159518585986
0.71461395478263 0.07644371750987779 -0.6953296007529035 43.08347911213892 0.6926676956596515 -0.21610892522789413 0.6881194633393167 -2.752617734569008 -0.0976645228292894 -0.9733721233372783 -0.20738454737615616 -36.70668033980957
0.7146139547825562 0.07644371750987075 -0.6953296007529802 43.431387769365685 0.6926676956597283 -0.21610892522785222 0.6881194633392527 -2.044879355091244 -0.0976645228292866 -0.9733721233372882 -0.20738454737611123 -36.49443420977473
0.12939519263798563 0.29470475098204435 -0.9467871956626698 43.14375201210956 -0.9904027383558875 0.08518154671452494 -0.10884171974236967 -1.7390697289016444 0.0485726258229206 0.9517842265177229 0.30289847502543443 -37.00053459795847
0.12996414342606863 -0.2946872477595619 0.9467147127996984 43.274723527567296 -0.9903302416987397 -0.08531521921137658 0.10939527296838085 -2.7295177417396825 0.0485317813441829 -0.9517776732928845 -0.30292561268527735 -36.953085520163526
0.12344274410994895 0.29487930564405973 -0.9475273526550436 43.396330408476466 -0.9911396777175072 0.08381345686961211 -0.1030409806901964 -3.7198211571631288 0.04903089006572252 0.9518516163512306 0.30261274307094166 -36.89996971908323
0.12344274411013902 0.2948793056440898 -0.9475273526550095 43.47370763504824 -0.9911396777174843 0.08381345686965835 -0.1030409806903789 -4.718768118542822 0.04903089006570655 0.9518516163512172 0.30261274307098635 -36.86360860051534
-0.7634653634728463 -0.6435806299792551 0.054079677262097156 43.53496740435945 0.31987101372867327 -0.44953845632445055 -0.8340250061368766 -5.4025728476188055 0.5610732335029539 -0.6194506832677951 0.5490698294803751 -36.8539432352953
-0.763465363472828 -0.6435806299792696 0.054079677262179326 43.59658103615727 0.3198710137286115 -0.449538456324466 -0.8340250061368919 -5.180014026240794 0.5610732335030136 -0.6194506832677688 0.5490698294803438 -36.99387866975764
-0.7634653634728653 -0.6435806299792215 0.05407967726222109 43.77877409810525 0.3198710137285777 -0.44953845632453043 -0.8340250061368701 -5.80884735429796 0.5610732335029818 -0.6194506832677722 0.5490698294803726 -36.892477975171445
-0.7644932927434608 0.6426951017140539 -0.049930066923797416 43.85830325356697 0.32387505826700846 0.449911539287227 0.8322767288881359 -5.594571517384167 0.5573642901934037 0.6200988736072359 -0.5521072676285355 -37.045744931419236
-0.7644932927433963 0.6426951017141102 -0.04993006692405457 43.93574873789046 0.3238750582667805 0.44991153928722394 0.8322767288882259 -5.373545846658826 0.5573642901936242 0.6200988736071795 -0.552107267628376 -37.20142238368116
-0.7644932927434039 0.6426951017141033 -0.04993006692402713 44.0231516534421 0.3238750582668071 0.44991153928722777 0.8322767288882135 -5.164525985789127 0.5573642901935983 0.620098873607184 -0.5521072676283972 -37.34810032864237
-0.7644932927433941 0.6426951017141159 -0.04993006692401456 43.87009706608826 0.3238750582668167 0.4499115392872096 0.8322767288882195 -4.714708437048875 0.5573642901936063 0.6200988736071841 -0.5521072676283891 -37.8254402980763
0.6253509707273952 -0.48645153963300475 -0.6101647834798193 43.61258571268346 -0.019675479507795194 -0.7914986644709785 0.6108541066791566 -3.96583364863353 -0.780095531916726 -0.36999292389089783 -0.5045356254559542 -38.457895961808944
0.6253509707274483 -0.486451539632986 -0.6101647834797799 43.418645629503615 -0.01967547950778888 -0.791498664470969 0.6108541066791692 -3.2721452906930795 -0.7800955319166836 -0.3699929238909428 -0.5045356254559871 -39.01346662017555
0.6226859979991725 0.48565216500134434 0.6135178257599959 43.457818398398196 -0.015378987441050243 0.7915211170523052 -0.6109482858684143 -3.2459886158402798 -0.7823206725129146 0.3709936601746408 0.5003379552554158 -39.266239182745714
-0.650489754048848 -0.4951664196064261 -0.5759108409915661 43.983491999745354 0.7496758149893191 -0.5402497794484921 -0.3822516817830246 -3.9209561774519237 -0.1218575081706566 -0.6803972315493445 0.722641235332189 -38.93440490335897
-0.6504897656395701 -0.495166407866281 -0.575910837994018 44.24148171760492 0.74967580386007 -0.540249790841737 -0.3822516875073441 -4.697775401066636 -0.12185751476592475 -0.6803972310468844 0.7226412346931299 -38.894027668301945
-0.6504897656395651 -0.49516640786627464 -0.5759108379940293 44.749156692636916 0.7496758038600718 -0.5402497908417424 -0.38225168750733335 -5.339317908218721 -0.12185751476594169 -0.680397231046885 0.7226412346931266 -38.585259360488024
-0.6504897656396222 -0.4951664078662818 -0.5759108379939583 45.47893785168575 0.7496758038599972 -0.540249790841951 -0.3822516875071846 -4.756280265933936 -0.12185751476609444 -0.6803972310467142 0.7226412346932615 -38.15798477935371
0.6926209433851968 -0.04776782499320158 0.7197183224565075 46.21740608993327 -0.677976849142204 -0.3837171870486056 0.6269836619806849 -4.31972287184556 0.24621864432126622 -0.9222143759771537 -0.2981560395659843 -37.699369722277524
0.6885013451024228 0.04870772195488879 -0.7235975785021052 46.78311930404653 -0.6820098601091867 0.38279167351024224 -0.6231637709343113 -4.98641175419044 0.2466342403357552 0.9225497777969489 0.2967717287424983 -37.353257052017526
-0.9463345795453496 0.17821216249336566 -0.269613220551506 46.80113454631361 0.2703683799505032 -0.020504642074999354 -0.9625385700200858 -5.893773808699954 -0.1770644026326534 -0.9837784226098975 -0.028778681824038487 -37.64866833336282
-0.9463345795453496 0.17821216249336566 -0.269613220551506 46.56536468435291 0.2703683799505033 -0.020504642074999326 -0.9625385700200858 -5.7106081423443245 -0.1770644026326534 -0.9837784226098975 -0.028778681824038817 -38.41189065090537
-0.9463345795453261 0.1782121624933498 -0.26961322055159903 47.19421930792888 0.27036837995060126 -0.020504642074978333 -0.9625385700200586 -5.789102650890242 -0.17706440263262957 -0.9837784226099008 -0.02877868182407229 -38.0793056287061
-0.9463345795452175 0.17821216249349964 -0.26961322055188086 47.09835781457349 0.27036837995087515 -0.02050464207507484 -0.9625385700199797 -6.557946779551297 -0.17706440263279147 -0.9837784226098715 -0.02877868182407246 -38.554393958101045
0.9463348059790453 0.17820208601803056 0.26961908599247164 47.75814821900643 -0.27036840602443046 -0.020535979151449002 0.9625378946223858 -6.654185412470353 0.17706315262189218 -0.9837795942685114 0.02874630210105115 -38.241629045108546
0.9463348059790633 0.17820208601807427 0.26961908599238055 48.45461124939862 -0.27036840602435525 -0.020535979151359476 0.9625378946224089 -6.888306034364885 0.1770631526219124 -0.9837795942685053 0.02874630210113394 -37.86896001797357
-0.9463970591812454 0.17784790058991637 -0.26963443887760496 49.12858582524265 0.27037558519218086 -0.020524442558161462 -0.9625361240959519 -6.988980376279597 -0.17671912546487148 -0.9838439263996289 -0.028661458118825024 -37.53610832306889
-0.9463465613976187 -0.17785470216235974 0.26980713602429496 48.9759297819502 0.2705510800384814 0.020526386377596937 0.9624867690271302 -6.8291925904220845 -0.17672096316200542 0.9838426563129992 0.028693706593595065 -38.33407974182681
-0.9463465613974685 -0.17785470216245244 0.2698071360247609 48.8142475656336 0.2705510800389419 0.020526386377686327 0.9624867690269987 -6.665741340979478 -0.1767209631621049 0.9838426563129806 0.028693706593620607 -39.13995415603397
-0.9465028152692186 0.17774576503277326 -0.26933039876766246 48.64421216279858 0.27006857850061144 -0.02049527267441403 -0.962622930697506 -6.499161825098001 -0.17662214921717603 -0.9838629918900892 -0.02860471281086555 -39.954319399942584
-0.9448257962857282 -0.17896590510906663 0.27436366283005204 48.46582510964652 0.27516157195591084 0.020847013325436644 0.9611719468202118 -6.326706205311714 -0.17773667036316218 0.9836343867738174 0.029547743810942193 -40.77705646927338
0.0723115094942182 -0.1282725850541784 0.9890991808297972 49.0897231998384 -0.9640007137647542 -0.2634079674536959 0.03631620220992112 -5.690144757339403 0.25587823169567636 -0.9561183957049654 -0.14270229128805526 -40.71526157038309
0.033914856103422354 0.12874469115160353 -0.9910976677582043 49.46363463917688 -0.9669869227303116 0.2548260016466603 1.2382776698274111e-05 -6.699265957242418 0.25255905013291546 0.9583780639106156 0.13313681989180692 -40.7251115003078
0.06303323805220772 -0.12842560396597869 0.989713936017179 49.83395577943756 -0.9648953653535287 -0.26118444414871966 0.027561205597706383 -7.7151372724940215 0.25495831976997313 -0.9567076619222319 -0.14038057130305698 -40.734399962808105
0.06303323805236624 -0.12842560396596714 0.9897139360171705 50.20166076986236 -0.9648953653535145 -0.26118444414875547 0.0275612055978587 -8.733675966232271 0.254958319769987 -0.9567076619222239 -0.14038057130308768 -40.72881743616328
0.4662897993366607 -0.42513145813283626 0.7757815841719975 51.001007013264015 0.8741394897836317 0.3560954007859508 -0.3302668889548266 -8.870327059288424 -0.13584541006372375 0.8321413995499445 0.5376678488804062 -40.383309560567305
-0.958455028508801 0.2789148327406354 -0.0597534467913363 51.59722825695934 0.037239783791081636 -0.08533510742138586 -0.9956561243444287 -9.71542190127596 -0.2828023281894598 -0.956516824482793 0.0714031347489779 -40.12965621038005
-0.9584550285087832 0.27891483274066636 -0.05975344679148145 51.42736107328206 0.037239783791221226 -0.08533510742141555 -0.9956561243444209 -9.829163924256408 -0.28280232818950274 -0.9565168244827812 0.07140313474896481 -41.04174073926233
0.9112220000073715 -0.3426969610529645 0.2285459682156241 51.92609963739817 0.409091941546322 0.6880486804977857 -0.5993603228668974 -10.794728132442653 0.048148209358365446 0.6396466259977586 0.7671596599048152 -40.89778276638719
0.9112220000073217 -0.3426969610530032 0.22854596821576453 52.71077251130986 0.4090919415464445 0.6880486804977796 -0.5993603228668206 -10.360736469364468 0.04814820935826704 0.6396466259977444 0.7671596599048329 -40.75179938412337
0.9112220000074073 -0.34269696105293307 0.22854596821552833 53.55344043309104 0.40909194154623657 0.6880486804978152 -0.5993603228669216 -10.845166589804267 0.04814820935841397 0.6396466259977436 0.7671596599048244 -40.2971967240381
0.911222000007414 -0.34269696105290715 0.22854596821554024 54.347542885780534 0.4090919415462198 0.6880486804977611 -0.5993603228669954 -10.415228180184624 0.04814820935842784 0.639646625997816 0.7671596599047632 -40.16059326318899
0.9112220000074154 -0.34269696105290337 0.22854596821554068 55.142373712716825 0.40909194154621664 0.688048680497754 -0.5993603228670055 -9.984405719578742 0.04814820935843039 0.6396466259978255 0.767159659904755 -40.02874006297534
0.9226930299174553 0.3342857202161317 -0.19206933592147402 55.937837280920114 0.3786096890444701 -0.6916614695388428 0.6150277350794944 -9.569655415286508 0.0727480302371539 -0.640201115911983 -0.7647550295889989 -39.88152266962993
0.922693029917414 0.33428572021616426 -0.19206933592161501 56.73996635301143 0.3786096890445881 -0.6916614695388266 0.6150277350794399 -9.173729799341634 0.0727480302370613 -0.6402011159119839 -0.764755029589007 -39.7220479500587
0.9226915773974743 -0.3342850072625368 0.19207755443891578 57.54804242296838 0.3786146327073318 0.6916617620880464 -0.61502436274114 -8.777635557644972 0.07274072380478118 0.6402011721207194 0.7647556775308169 -39.57049253742712
-0.8980323879717842 0.3274642092822833 -0.29377716349779864 58.249474839869634 -0.07740396042479263 -0.7749774424885875 -0.6272308909360252 -9.54160508479843 -0.4330663425668716 -0.5405341388598637 0.7213018699981194 -39.313102755498946
0.8781399624611912 -0.33824763082002124 0.3383175233021324 59.09361935976502 0.36497742975368636 0.9308672278340099 -0.016663730525106862 -10.041917318121303 -0.3092922276731825 0.13811134779322848 0.9408844634234873 -38.9204353671292
-0.9584147720517298 0.27581187325878037 -0.07327301878933191 59.96893071367303 -0.18202866550971386 -0.7885742127683131 -0.587380861017435 -10.493738421576072 -0.21978782870253574 -0.5496167041914904 0.8059868415972521 -38.45518522996921
-0.9584429886824151 -0.2757682989869073 0.07306765850481345 60.00925413665343 -0.18211866589390047 0.7885824906151013 0.5873418485246091 -10.85650012938817 -0.2195901386186031 0.5496266921913 -0.8060339138350929 -39.32944617637577
-0.9584559756297117 0.27574665900410256 -0.07297892043433546 60.05010972004764 -0.18215523942099415 -0.7885866029241678 -0.5873249853701065 -11.225441750365235 -0.21950310141583274 -0.5496316491402168 0.8060542405646419 -40.21827256537852
-0.9669207521932899 -0.25456884541268576 -0.016092293907426048 60.1102690230977 -0.21824338344284105 0.7929907111044755 0.5688018615347825 -11.623871610387244 -0.13203819357054986 0.5534983604738762 -0.822317141005441 -41.09425302532319
-0.9669207521933056 -0.25456884541262764 -0.01609229390740552 60.3398932772598 -0.21824338344277902 0.7929907111044804 0.5688018615347996 -11.203926610587548 -0.1320381935705373 0.5534983604738962 -0.8223171410054295 -41.92706711867035
-0.9669207521933081 -0.2545688454126159 -0.016092293907442354 60.40786374367895 -0.21824338344279906 0.7929907111045169 0.5688018615347414 -11.62138637753838 -0.13203819357048596 0.5534983604738497 -0.8223171410054694 -42.79190953659255
-0.966920752193301 -0.254568845412653 -0.01609229390728419 60.46867832798307 -0.2182433834427387 0.7929907111045178 0.5688018615347633 -12.044393712425686 -0.1320381935706381 0.5534983604738314 -0.822317141005457 -43.665966547575174
0.8436764356001961 0.17167543853324294 0.5086625756013067 60.73130576801264 -0.0065028933096710215 -0.9441537430271102 0.32944107501417547 -11.576325706088147 0.5368126157157147 -0.2812494503680196 -0.795443877515029 -44.514770658818996
0.8436764356001965 0.1716754385332429 0.5086625756013066 60.66942664071725 -0.006502893309670988 -0.9441537430271102 0.32944107501417524 -11.720857756159313 0.5368126157157147 -0.2812494503680196 -0.7954438775150291 -45.63970774877053
0.8436764356002207 0.17167543853325112 0.5086625756012619 60.89103794536284 -0.006502893309662665 -0.9441537430271011 0.32944107501420156 -11.432337349331295 0.5368126157156775 -0.2812494503680455 -0.7954438775150461 -46.505167574609054
0.8436764356001458 0.17167543853320974 0.5086625756013996 61.95516679556154 -0.006502893309751599 -0.9441537430271064 0.3294410750141839 -11.479658750886317 0.5368126157157938 -0.28124945036805216 -0.795443877514965 -46.13254833273438
-0.9273860685621444 -0.22941317977486556 -0.29550748346263866 62.16797498324146 -0.36954091913407966 0.6847819172273423 0.6281028856198475 -10.965902001138703 0.058263100864748917 0.6916959727973208 -0.7198347673553971 -47.04366922344792
-0.9273860685621514 -0.22941317977484033 -0.2955074834626372 62.342017907712055 -0.3695409191340606 0.684781917227347 0.6281028856198537 -10.449403572084845 0.058263100864763884 0.6916959727973244 -0.7198347673553925 -47.99217676830508
-0.9273860685621724 -0.2294131797747654 -0.2955074834626297 62.72309485320382 -0.3695409191340049 0.68478191722732 0.628102885619916 -9.78710727726091 0.058263100864783444 0.691695972797376 -0.7198347673553412 -48.67102503727742
