1.0 -1.822835e-10 5.241111e-10 -2.2433569619542245e-32 -1.822835e-10 0.9999999 -5.072855e-10 -1.346014177172535e-31 5.241111e-10 -5.072855e-10 0.9999999 8.973427847816898e-32
0.9999954310994397 -0.0018034485957361202 0.002425974733640812 -0.059972219821026955 0.0018149809607917189 0.9999870243640724 -0.0047599314700992315 0.0050293248492134035 -0.0024173589633503523 0.004764312820398594 0.9999857287476616 0.9600439189058121
0.9999709059135845 -0.006958605974641689 -0.0031249206797298867 -0.159767910275512 0.006954099899108342 0.9999747678976706 -0.0014505387251477191 -0.01613411319701366 0.0031349355588508043 0.001428765512465062 0.9999940653864663 -1.918535054241549
0.9999968260725698 -0.0021970389901767085 -0.0012332333363557352 -0.09305476155081312 0.002201223040049319 0.9999917914714519 0.003401706460605553 -0.024165488218824253 0.0012257495315975975 -0.003404410285469851 0.9999934537429203 -2.8873170621057374
0.9999939217570749 -0.0027747849347736974 -0.002111164955990199 -0.08053857526989144 0.0027863490417508042 0.999981023101476 0.0054945150780750535 -0.007571212218138624 0.0020958787949645306 -0.005500364123529755 0.9999826764932409 -3.848893990257444
0.9999951332603724 -0.0029788562084359337 -0.0009272924345186909 0.008807544888337453 0.0029792517723721094 0.9999954714979514 0.00042549085408071733 0.0187019152433089 0.0009260207592006902 -0.0004282514209565662 0.9999994795430015 -4.808356357920679
0.9999953593571208 -0.00015815400543113653 0.0030424088372772023 -0.5562463117341792 0.00016765160096042693 0.9999951133237107 -0.0031217337554229627 0.032017233137629476 -0.003041900255312799 0.003122229333283811 0.9999904992182811 5.714049580684185
0.9999877479063416 -0.004458451970194274 -0.0021508703430098593 -0.05392188487493716 0.004449091711074874 0.9999806970466835 -0.004337178457836627 -0.1365906613020052 0.002170165926700475 0.00432755589890528 0.9999882812512317 -6.676972210841262
0.9999990384484596 -0.000879836172654246 -0.001071909728392672 0.08149201907747035 0.0008791720990570154 0.9999994214287378 -0.000619837567357953 -0.034310820030524124 0.0010724544637294407 0.0006188945782262733 0.9999992334051683 -7.608020522310495
0.9999735268213068 0.0015096547321641002 -0.007118047425177493 -1.6063520459143892 -0.001488529813393656 0.9999944752531159 0.002972161206887095 0.2085387211921926 0.0071224950369978 -0.002961487098526866 0.9999702493867574 -8.382900979540853
0.9999898237581972 0.0045022404128319555 -0.00028672515542160423 0.1684192308730544 -0.004501400783587132 0.9999857656549413 0.0028645904569669202 0.03941641770995549 0.0002996181489983707 -0.002863270641362473 0.999995855946513 9.466814576965527
0.9999816274822647 -0.0035265431022211365 -0.004930333829448505 -1.0048047241922429 0.0035366008318497514 0.9999916801739094 0.002032741379976055 0.26531087421208516 0.0049231242598362646 -0.002050140656121545 0.9999857797842988 -10.339372773925241
0.9999987225744037 -0.0009839566071655238 -0.0012596344531735238 -0.14263022205083714 0.000985424441780851 0.9999988356273584 0.0011651963769406214 0.11839753165777579 0.0012584864838158898 -0.0011664361630668134 0.99999852781814 -11.340655149934134
0.9999977863884882 -0.0018275318415253625 -0.0010427585969150829 0.1733732357006936 0.0018272240672962288 0.9999982868076842 -0.00029603024204989843 -0.05507690094410741 0.0010432978151624674 0.0002941242331492835 0.9999994125101295 -12.224978222165745
0.9999997783837352 0.0004910930497569987 -0.0004495109535447052 0.1838541672337981 -0.0004918438317127516 0.9999984818609173 -0.0016716355781554075 -0.07699908749528335 0.00044868934251040063 0.0016718562968835622 0.9999985017860761 -13.134939838657374
0.999997248953809 -0.0005523346993954487 -0.0022796954168399714 -0.09784974857123144 0.0005464189192449114 0.9999964842273419 -0.0025947946586401763 -0.14884284966989536 0.002281120597076929 0.0025935418515343426 0.9999940349969524 -14.0438592783391
0.9999967830078107 0.0020722537288761405 -0.0014627845067717166 -0.2502906209838187 -0.0020748022755680703 0.9999963287494946 -0.0017428950196763104 -0.2750821252966204 0.0014591674158197891 0.001745924401419966 0.9999974112858679 -14.944770809205533
0.9999975982017583 -0.00014025435711258473 -0.00218721727996623 0.021891425733381643 0.0001383019233212031 0.9999995919061474 -0.0008927822333082962 -0.08615234562891418 0.002187341603974478 0.0008924775926689591 0.9999972095063335 -15.850070222898927
0.9999979519839444 0.00031040723976324903 -0.0019999188139429094 0.13147351382193517 -0.0003118733493870515 0.9999996828589697 -0.0007328144195626425 0.05251412817461261 0.0019996907087853595 0.0007334366401259506 0.9999977316513093 -16.746734411529168
0.999997364526264 0.0011796598049283642 -0.0019696048513596 0.03760022181222602 -0.0011795929834368846 0.999999303664382 3.508766666670418e-05 0.0027420549470160544 0.001969644871363604 -3.276424213127335e-05 0.9999980597109102 -17.639162665694084
0.9999987258447538 -7.850593943478774e-05 -0.0015944107647258019 0.044085177168185184 7.961380766307734e-05 0.999999755461896 0.0006947933431490465 -0.07529217263294104 0.0015943558294274998 -0.0006949193949864216 0.9999984875571182 -18.531147353021428
0.9999990228097152 0.0005750942733128201 -0.0012742237607101855 0.260112359188994 -0.0005739641877606694 0.999999441835977 0.0008870698084237176 -0.1300298143147935 0.0012747331982511934 -0.0008863375827818766 0.9999987947297548 -19.416770791290638
0.9999981058979737 0.0005088523152809747 -0.0018786350860219864 -0.1501073286374609 -0.000507697338249498 0.9999996818728801 0.0006152215461755813 -0.0799835570732074 0.001878947545285399 -0.0006142666028504857 0.9999980461144228 -20.299086556271394
0.9999729442067605 -0.0070485083298239375 -0.002104610364685698 1.0957080081497421 0.0070501773927128825 0.999974837744016 0.00078668771465089 -0.19210231989360008 0.002099012433031122 -0.0008015043066043337 0.9999974758656406 -21.144735145636794
0.9999947942187066 -0.0030935239440826844 -0.0009174121724857473 -0.7066405569486055 0.003101949466944703 0.9999516691133635 0.009329380842413304 -3.56229803144947 0.0008885071701224406 -0.009332178041896372 0.9999560595386192 21.741838056580125
0.9999907505901481 0.004300188432243918 -8.434215477743853e-05 -0.29931027149924544 -0.004300174971904671 0.9999907415436692 0.00015912936005206026 0.2218952532324579 8.50256601326125e-05 -0.0001587652021763468 0.9999999837821238 -22.90308623273753
0.9999630387786607 0.008062109633380946 -0.0029872168997166076 -2.7919596467631416 -0.00806272715167415 0.9999674767256597 -0.00019473519107180565 1.1169584515235842 0.002985549769182 0.00021881310822658567 0.9999955192966614 -23.572052269923855
0.999998720818407 -0.0013852698085025476 -0.0007996181006930964 0.23163385779631243 0.0013875789467866556 0.9999948482146194 0.0028945066742317705 0.07976912637718679 0.0007956043085259375 -0.0028956125048740797 0.9999954912108382 -24.6196632218516
0.9999967595025249 0.0025452798822046332 5.034648688921525e-05 0.0037816761045601287 -0.002545362887095777 0.9999952749479779 0.001723719667765855 -0.24331591641230632 -4.59589000065172e-05 -0.0017238422321358311 0.9999985131267638 25.44645347002425
0.9999988857784289 0.0013424922010846021 -0.0006528067023826188 -0.006920315249169858 -0.0013432154276636023 0.9999984832782907 -0.001108698982023471 0.024049503374009164 0.0006513172925198048 0.001109574606721072 0.9999991723146459 -26.271707998474525
0.9999986392363306 0.000775467330180943 -0.0014560823833166849 0.2789213984785205 -0.0007790651715522956 0.9999966412155936 -0.0024719658147130705 0.04537737483339555 0.001454160563919251 0.002473096834023548 0.9999958845960836 -27.084543459468087
0.999998402636563 -0.0004370516552569427 -0.0017331215113840469 -0.5205375478293625 0.00043404251673763596 0.9999983985205444 -0.0017362498208394793 -0.14826236731885126 0.0017338775666836809 0.0017354947989948813 0.9999969908586656 -27.877594857510065
0.9999987485090013 0.0013733492112343174 -0.0007854249653082273 0.3077201157082158 -0.0013738379523163585 0.9999988628030492 -0.0006220626086110063 -0.06539114239666093 0.0007845697629324834 0.0006231408767312673 0.9999994980727419 -28.674015858997763
0.9999995640771087 0.00018577481839162296 -0.0009150591849131466 0.34229298740946495 -0.0001862548910058118 0.9999998450633408 -0.0005245783143636561 0.09699672283981518 0.0009149615896958726 0.0005247485199367024 0.9999994437419856 -29.459028376348776
0.9999972946155413 -0.0007271460414341127 -0.0022095294144688863 0.4969079515768593 0.0007249442128051487 0.9999992400713154 -0.0009971522845520658 -0.01016768334434066 0.002210252810720537 0.0009955478013097445 0.9999970618292275 -30.22928392052518
0.9999977411168021 0.0017031552717484259 -0.0012716223550577332 0.6210427449129158 -0.0017033809385492659 0.9999985336868236 -0.00017640175990414977 -0.016102758273370835 0.001271320050873801 0.00017856741871381733 0.9999991759291629 -30.993870575995775
0.999989719958507 -0.0034307625730115947 -0.0029647673557639774 -0.27133518696701797 0.003435099650168517 0.9999930356501073 0.0014590207937679768 0.6154845541019794 0.0029597411541542624 -0.001469190066280289 0.9999945406915226 -31.753321134438057
0.9999983755939681 0.0014805423115352592 -0.0010280096734530501 0.41693463823790244 -0.0014784082020897745 0.9999967571823737 0.002073628203210641 0.24639843016024257 0.0010310764340984088 -0.002072105016863419 0.999997321627506 -32.501349102714435
0.9999980339198169 0.0012082257883697187 -0.0015723698499737065 0.654223935354029 -0.0012056495201977309 0.999997931058473 0.0016383796898314694 0.22887583891611704 0.0015743461294248258 -0.0016364807416904296 0.9999974216791995 -33.23569279940347
0.9999970211092098 0.0015209987567438624 -0.0019090142713983592 -0.30385200122573414 -0.00152050482102189 0.9999988101893672 0.00026016329302859954 0.19946570389855478 0.0019094077080781327 -0.00025725985262750346 0.9999981439880641 -33.96900207367138
0.9999911471234206 0.0038252585992452045 -0.0017530178077239996 0.1344805441050632 -0.0038263410386594047 0.9999924907024768 -0.0006145347123631129 0.5749381193702532 0.001750653889598719 0.0006212369159423504 0.9999982746363381 -34.70786606968261
0.9999977395118784 0.001282543084568303 -0.001695893383847638 0.6723063804978825 -0.0012836906080533478 0.99999894776106 -0.0006757330803060363 0.07660672126088414 0.0016950249425734185 0.0006779085552285527 0.9999983336638292 -35.39671437612359
0.99999564249841 0.0003930500944337495 -0.0029258324994571386 -1.9128235933393392 -0.0003885995841085635 0.9999987669795665 0.0015215221686617313 0.859445000627686 0.002926426926277932 -0.001520378561334211 0.9999945622224531 -36.03533016709381
0.9999993798557254 0.0009032910963707783 -0.0006514241015443643 0.8066674365811365 -0.0009025596853697468 0.9999989630158979 0.001122209046632204 -1.1096911303098622 0.0006524371074680263 -0.0011216204015685738 0.9999991581463933 -36.75889612814336
0.9999954759629979 0.0029772542708620905 -0.00042896450210509144 0.1710577849474461 -0.0029770377187763705 0.99999544131112 0.0005045824014504898 0.050052192546998546 0.000430464816699107 -0.0005033030751982516 0.9999997806930039 -37.46061910929177
0.999993547291111 0.003487737939813839 0.0008608485368680242 0.004981753910828752 -0.003486192459782002 0.9999923205843956 -0.001790316834762995 -0.8620425937320935 -0.0008670860820032281 0.0017873041986914036 0.9999980268507672 38.1139713615431
0.9999966599868697 0.0021772025200323605 0.0013927685708697212 0.20858895349430684 -0.002172262275021465 0.9999913790448375 -0.00353880101346073 0.537395082822084 -0.0014004612503587203 0.0035357637351945484 0.9999927685154004 38.77220703113582
0.9999942904489141 0.0016947780213422226 0.0029234905560134375 -1.0002287436356856 -0.0016887297871498257 0.9999964314958837 -0.0020700693718479594 0.3027868236025484 -0.002926988431599418 0.0020651205670967395 0.9999935839872997 39.40016214979272
0.9999917112021623 0.0016110207630567856 0.003739269858173074 -0.5083860055847036 -0.0016140338329977745 0.9999983751112387 0.0008029132382708663 0.07044074888648579 -0.003737970272377718 -0.0008089418911471516 0.9999926865688867 40.04806756209659
0.9999702851147921 0.006006325976452492 0.004832487527730883 -2.621814688577728 -0.006021584096387916 0.9999769116594711 0.003149074936508213 -1.104627669204469 -0.004813461583020304 -0.00317808059215096 0.9999833650573084 40.60174564490273
0.9999509199141559 0.007389550861125699 0.00659941670937278 -2.6418232507020125 -0.0074053717119860595 0.999969756850596 0.0023761005801785015 0.8604377425172355 -0.006581658806138896 -0.002424855094773238 0.9999754006199999 41.213550090472
0.999951519458199 0.008696775866342465 0.004617880766052104 0.4388238365640621 -0.00870262863269981 0.9999613515851664 0.0012488357971346536 -0.8618653804830614 -0.004606841447259056 -0.0012889629542756319 0.9999885577277281 41.89513270103801
0.999991095038682 0.0016828969331688982 0.0038701035193200867 1.291433965638417 -0.0016848903371526238 0.9999984495630545 0.000511875022499505 -0.19109533483007918 -0.003869236086063075 -0.0005183911642957107 0.9999923801123242 42.47132963860001
0.999982092545733 0.0027096555846544443 0.005335949256639758 0.5586239797042549 -0.002722431706153087 0.9999934415940525 0.0023885423353545987 -0.5385865699969202 -0.005329442134240245 -0.0024030263200806624 0.9999829111095063 43.05314658175131
0.999958903909583 0.0051198125755947226 0.007481845436521223 -1.95177397200579 -0.0051323752434024724 0.9999854500411239 0.0016608523149185157 -0.6552724374556573 -0.007473233323410176 -0.0016991836986738444 0.9999706313479672 43.55979552305707
0.9999603752445868 0.00392595038195762 0.007989671726921894 -1.8042651770658087 -0.00392589446573055 0.9999922933893859 -2.2682166476233404e-05 -0.6746172319010456 -0.00798969920269308 -8.685340314831466e-06 0.9999680818062223 44.09344641450629
0.9999671254284989 0.0035429277260746505 0.007293539976796702 0.32465628017253045 -0.0035433909925198493 0.9999937208904357 5.059620121181975e-05 0.18658440832015855 -0.007293314921175971 -7.643840174075076e-05 0.999973400503549 44.641369348281685
0.9999685428790761 0.003362528971712747 0.007183776946134984 0.25493602175028335 -0.003362679084553036 0.9999943461398288 8.817632677380477e-06 -0.3068902283940297 -0.007183706680519292 -3.297409178490852e-05 0.9999741963026036 45.12439345607883
0.9999647505573543 0.00410457157080311 0.007324625245586847 0.7879992597957218 -0.004086729970421988 0.9999886500991969 -0.002449144939592856 -0.22315448355024028 -0.007334594802508712 0.0024191248430855284 0.9999701753322828 45.58253229265058
0.9999678713451035 0.002254873327206161 0.007692322394498831 1.8092642443347862 -0.0022344047003010413 0.9999939433241274 -0.0026684734769159986 -0.17382320114860716 -0.007698292874262838 0.0026511999811380488 0.9999668531633845 45.99312512905232
0.9999696176527652 0.00029800994982401627 0.007789413421594881 0.10552125955382455 -0.0002985700025946564 0.9999999529261523 7.073646143439163e-05 -0.2864419262177824 -0.007789391974747892 -7.305999748015435e-05 0.9999696595571793 46.44921102244051
0.9999643099363386 0.0008545634838509562 0.008405270655608785 0.560318005768255 -0.0008705403748053984 0.999997821121704 0.0018973432214287054 -0.09290323670508875 -0.008403630941313616 -0.0019045926325952198 0.9999628750678228 46.843208384514796
0.999966525432227 0.0022667223615137682 0.007861932633593405 0.6859049032425178 -0.0022773853533348204 0.9999964987469748 0.0013475940577538665 -0.3866852542304488 -0.007858850485393039 -0.0013654535978538992 0.9999681864967106 47.21137203366953
0.9999613840679361 0.004074465846182711 0.007786469097468662 4.683992379375662 -0.0040791654395730004 0.9999915074301221 0.0005877728715789729 -0.15332765689153707 -0.007784008109845211 -0.000619512469820394 0.9999695122462711 47.34876100360813
0.999959220673088 0.0032651418976318656 0.008419966701761549 -1.061270931486744 -0.003266398025375393 0.9999946561361063 0.00013543696129742974 -1.2303221723111082 -0.008419479485708675 -0.00016293440087766092 0.9999645422801602 47.863153993338415
0.9999563328536032 0.0032166506516577253 0.008774140673572994 0.12496381467972605 -0.0032219539102273974 0.9999946352350328 0.0005903508735523597 -0.19181787956056287 -0.00877219464984837 -0.0006185949714664438 0.9999613322230448 48.18785670485161
0.9999579176697777 -0.0006937093712330749 0.009147767860523109 1.1751838652951903 0.0006854803030950706 0.9999993576463244 0.0009026758511604983 0.962066723125752 -0.009148388179117936 -0.0008963672497715632 0.9999577508672441 48.4381859125566
0.9999417602548619 -0.0035077479503132615 0.010206458872951019 2.608651468498507 0.003519499848309734 0.999993163916964 -0.0011336843289817492 -0.584929323356959 -0.01020241242186938 0.0011695399339505027 0.9999472700883367 48.653580902059936
0.999931365356757 -0.001271914650637385 0.011646751001599995 4.96165581337356 0.001315205570618585 0.9999922526997995 -0.00371009092705123 -1.0219464244074108 -0.011641941851718338 0.003725154158080963 0.9999252914175236 48.72263850573565
0.999895023256152 -0.0023565108546300317 0.014296479432752834 -6.2648055293585845 0.002401524978678196 0.9999922107636792 -0.003132265912451984 1.7712050319872608 -0.014288986855473695 0.0031662704498404692 0.9998928940571997 48.8090564195468
0.9998941897224352 -0.002935559744825037 0.014247520777279834 -0.4280335572342628 0.0029571975679304344 0.9999945056566892 -0.001497878158385528 2.1026364150555072 -0.014243045385684945 0.0015398524012734602 0.9998973769906208 49.44875649302832
0.9998586879477193 0.0012163688566695775 0.016766770180018514 -2.2256198523632182 -0.0012078790085914952 0.9999991371446075 -0.0005164671726355166 1.441205979051699 -0.016767383927304237 0.0004961419598571645 0.9998592944406676 49.68639251299783
0.9998400809766245 0.0014635191433311485 0.017823315751427656 0.439298875106763 -0.0014608565193086624 0.9999989197602359 -0.0001624087155935401 -0.09262116339188041 -0.01782353418623757 0.00013634543633918436 0.9998411389010927 49.990726845511425
0.9998443390688481 -0.0014371694419327617 0.017584998606011037 4.886957262517928 0.0014424855204208903 0.9999989176751947 -0.00028962728102457924 0.9619057151645812 -0.017584563329852976 0.000314948303238128 0.9998453300086292 49.988775240134466
0.999786775501208 0.0009132836063288067 0.020629334597884456 1.3523185484849043 -0.0009265555859476648 0.9999993698923151 0.0006338057426662561 1.8111188013672348 -0.02062874275478784 -0.0006527848249604923 0.9997869917359041 50.43153549548516
0.9997950657106485 -0.00014565042229270622 0.020243650031416177 5.612568287891855 0.00015088477044978405 0.999999955582043 -0.0002570402647498332 0.9011527446720254 -0.02024361169421149 0.0002600420468739095 0.999795043278225 50.39171455340995
0.9997621620502037 0.0024145093437571707 0.021674627501554716 4.144513089158853 -0.002399846293908096 0.9999968736157366 -0.0007024930733550278 -0.022025794338823818 -0.02167625591443141 0.0006503102193624175 0.9997648308608137 50.779743232959724
0.9996961297420109 0.003031087109732776 0.02446345621080214 2.0711835124249944 -0.0030129790460584837 0.9999951590757475 -0.0007770343228517898 0.48677835070543435 -0.024465693043783474 0.0007030903242743261 0.9997004228907195 51.139860004160695
0.9996928540250916 -0.0006023752266453592 0.0247756887947318 6.454212464260711 0.000603458676875434 0.9999998172616307 -3.6253700596670935e-05 1.5124474238263241 -0.024775662428931783 5.119366979721568e-05 0.9996930348514066 50.993128882588756
0.9996636761947557 0.0026047926301215538 0.025802123016132023 11.16833850972527 -0.0025300471468907917 0.9999925096018767 -0.0029290956923763434 11.47574217073501 -0.025809559434830626 0.0028628299800464996 0.9996627785639944 49.11638618157808
0.9996590024969351 -0.0045711334969071 0.025709598701380953 7.2749940979632965 0.004610296709304448 0.9999883005388033 -0.0014642232641473851 4.984203350519748 -0.025702604752918898 0.0015822528459609464 0.9996683813069444 51.147350780341554
0.9995256945085665 0.0019101377051762357 0.03073658066725156 4.650683811943932 -0.001941194437553809 0.9999976350834602 0.000980607792336375 -1.1149424125574914 -0.03073463488188541 -0.0010398083640962147 0.999527038662408 51.911191896136145
0.9994979375145715 -0.004619483611782974 0.031345386826104105 6.747675393653341 0.004631601699632347 0.999989224776205 -0.0003140018788998465 1.2225945714280273 -0.03134359854601246 0.00045902357723550183 0.9995085633087601 51.90635300658856
0.9410366185582681 -0.3346338945084757 0.0497015007671915 51.83494415493246 -0.3333391275986216 -0.9422421249024625 -0.032631335723231965 -8.834796705167458 0.057750398649798515 0.014139826921951969 -0.9982309135417546 0.0653474150317861
0.9992706162575692 -0.0012174119021817384 0.03816743890384419 9.021502565141347 0.0012838257386380888 0.9999977042437108 -0.0017156044941989057 -0.20868113146938352 -0.038165262683375695 0.0017633535006150482 0.9992698851205017 52.026638377783925
0.999133450511426 0.003893224379528622 0.041439001834773205 4.724248218260036 -0.0038025146010698336 0.9999901994098399 -0.0022675905664840887 -0.7292498708295798 -0.04144742394697552 0.0021080531775076166 0.9991384624565106 52.80783767436409
0.9991409490800984 0.001811290327763356 0.04140148667220174 7.059133908952226 -0.0017081758174179896 0.9999953511249334 -0.002525839246264063 0.995841250911359 -0.041405869230058914 0.00245294840339743 0.9991393982009883 52.771842199360194
1.0000000000000002 1.88447131163616e-13 -8.889141863994282e-14 -0.04075262392108753 -1.884473480040505e-13 0.9999999999999999 4.85722573273506e-15 -53.482094504197505 8.886305404763812e-14 -4.8563583709970715e-15 0.9999999999999999 -0.3285649318658514
0.9989405908173058 0.004449285020605903 0.04580283703415433 1.1888892856111015 -0.0044325202116191915 0.9999900670176677 -0.00046757948456086634 1.2890243476835954 -0.045804462469779886 0.0002640621256578546 0.9989503899038471 53.68065454813865
0.998738825776562 0.009044276885696423 0.049385817215766514 0.1956511578836042 -0.009071565272120585 0.9999587985670833 0.0003284384104305163 1.7255840480699 -0.0493808119614076 -0.000776030856763147 0.9987797220539381 53.918904032569145
0.9989831297460975 -0.0011459730572028043 0.04507097989220504 14.67580869761067 0.0011444777439506041 0.9999993433457328 5.8981325103153216e-05 -0.12389565925793887 -0.04507101788716328 -7.3386153633240615e-06 0.9989837853002217 52.15520166606211
0.9986519006100438 9.148930167569846e-05 0.05190735051661219 10.713303456020153 -0.00025177053083140803 0.9999952210814907 0.0030813026109903306 0.3085313468758768 -0.05190682054938994 -0.003090217450013834 0.9986471511683017 53.33974155177538
0.9985468451129408 -4.687655496064553e-05 0.05389059210642385 4.264838775930211 -3.0135993202177113e-05 0.9999989796104085 0.0014282401631936018 1.670083491663369 -0.0538906040680031 -0.0014277887555377358 0.998545824793462 54.442124055997766
0.9989555858214927 -0.009363456443494303 0.044722066583166076 18.86582090808516 0.009627804107804068 0.9999374105114673 -0.005699162015853743 10.7838799207531 -0.04466590359659267 0.0061237850265977445 0.9989832112267193 50.36645003200221
0.9982497282579483 -0.006093994814012984 0.05882468240576777 8.532873488917799 0.0059867957359732715 0.9999800821057261 0.001998416533497055 -10.291261866744922 -0.05883568908195429 -0.0016427474037127576 0.9982663287275693 53.41885933220345
0.9986092027425933 -0.01621495015844747 0.05016707674522297 19.939327974319756 0.01645298473468271 0.9998552409139725 -0.004335494225810768 4.343427371805425 -0.05008951478226081 0.005154862580204783 0.9987314293145363 51.3688643362571
0.998432141029893 0.0013195749147847328 0.05595997212748137 6.601220679928714 -0.0014403685932424613 0.9999967190775315 0.002118294712360018 2.250897529860219 -0.05595699327858693 -0.0021955765113250564 0.9984307659257117 55.02536015393282
0.9988210217628548 -0.003791221412068571 0.04839620981865461 20.70824614340281 0.0037037541876350083 0.9999913420177735 0.0018968643625775772 11.686400761784572 -0.04840298223791745 -0.0017153803359938324 0.9988264157403821 50.30864266781831
0.9985239439756203 0.006340062179583106 0.05394197733612761 5.43166400937409 -0.006490788853475888 0.9999755036299244 0.0026195037963032426 0.8818395040006255 -0.05392404813653991 -0.0029657632471719996 0.998540635768485 55.54246389320665
0.9984809125720651 0.006542168853780373 0.05470893214042251 1.9192723127367097 -0.006617453980829966 0.9999773903095105 0.0011950617523946439 -1.4617040646490775 -0.05469987689262495 -0.001555280189890585 0.9985016297289968 55.90549426014362
0.9987053865311732 -0.0021168884051033813 0.05082390871529367 4.616833347407688 0.00196189138339171 0.9999932723863184 0.003099381277337568 -3.700333654060821 -0.05083012783595906 -0.0029956577880120433 0.9987028207322721 55.7713087197565
0.9990025900482019 -0.01619975022659244 0.04161001285244026 18.340070955854024 0.016133586172479144 0.9998679913368338 0.001925434304308418 -0.16643185755354645 -0.041635711525076724 -0.001252195128978919 0.9991320731180438 53.11297972976425
0.9990864675739072 -0.0104532989544783 0.04143620218674382 9.715197126421964 0.010532496863223932 0.9999430977163688 -0.0016934695800321017 2.819674988289912 -0.0414161420284242 0.0021283492102139867 0.9991397166108054 55.3799387268371
0.9992580090100107 -0.003621843874364057 0.038344669463940995 5.418182405004733 0.0036864747279138463 0.9999919008819187 -0.0016149534504737717 0.32510499704135615 -0.03833850979667322 0.001755111824493348 0.9992632677373137 56.132315240758246
0.9991932498733155 -0.015135788681105843 0.03719888853989123 -5.608608489550094 0.015039016199868322 0.9998827600864815 0.0028799433292509558 -4.6934401312197425 -0.03723811755906087 -0.002318185247236662 0.9993037319142847 56.004991009303666
0.9995523337916652 -0.008927803725582844 0.028555670755088303 5.934564674767024 0.0089273406661694 0.9999601401739725 0.00014370761912428642 1.5811189805779144 -0.028555815524437325 0.00011128291470232851 0.9995921933547937 56.24116795573242
0.9982994536612786 -0.050685539312138345 0.028795432350112893 -14.055946724529134 0.05020741645385769 0.9985925524647992 0.01709179612755419 3.4008748242393025 -0.029621211194365005 -0.015616986472256233 0.999439189536264 54.790581950503054
-0.99799716787996 -0.061894163760041296 -0.013067723444593492 1.7963501019299208 -0.06189416376014032 0.9127352059263887 0.4038360513314111 -55.51318369048435 -0.013067723444124723 0.40383605133142625 -0.9147380380464287 -11.720506230504823
0.9998937784416156 -0.002142877200142698 0.01441665394793698 3.489078819202204 0.0021579653883050565 0.9999971399990991 -0.0010311057198318617 -0.6508235226971937 -0.014414403183355719 0.0010621068344102494 0.9998955429993377 56.75253315469548
0.9999051868554522 0.001242756355948926 0.013713965735820257 0.10180059903913469 -0.0012492841874454292 0.9999991103929342 0.0004674423593206368 0.28403994351104406 -0.01371337261881635 -0.00048453068018158244 0.9999058498885971 56.9700926004066
0.9999225339242879 0.002015993522962683 0.012282586069107147 0.5854747820016899 -0.002004037725833496 0.9999975061857168 -0.000985624239585552 0.5051022886871275 -0.012284542450701642 0.0009609331212902944 0.9999240804302661 57.07966729571748
0.9999446721932752 -0.004770186404187572 0.009375386602851227 2.6769882572563963 0.004813649531251726 0.9999777475285418 -0.004618790527217104 1.311785084382395 -0.009353145485551731 0.004663664804993629 0.9999453829585457 57.11627282052916
0.9999635258917872 -0.0010231528909718382 0.00847938937818284 0.14103404691031027 0.001036441878929142 0.999998241463678 -0.0015629644216711598 0.4784368731228471 -0.00847777531530211 0.0015716958081970073 0.9999628278581107 57.292630589098316
0.9999904168830247 -0.0008560672780071092 0.004293400858290957 -0.4656754334183999 0.0008515726191675452 0.9999990876359227 0.0010485949630940367 0.8513820595088877 -0.004294294608982034 -0.0010449287716718155 0.9999902335311449 57.40295965685468
0.9999866028151896 0.002818091753461963 0.004341952211232366 0.4793343311541278 -0.0028308395562509185 0.9999916930149351 0.0029326180337360674 0.730850230284976 -0.0043336517560032895 -0.0029448701149812316 0.9999862735070234 57.53794223646555
0.9999734781518375 0.005500855565315498 0.004773214950724698 -3.1321202196696127 -0.005524771790330596 0.9999721786341957 0.005011871331627081 3.8702314774946807 -0.004745512573058254 -0.005038109330845586 0.9999760484955573 57.46693260918744
0.9999956550273212 -0.00250970526352444 0.0015463848061941672 0.08237284470419877 0.0025014473563931727 0.9999827246661029 0.005319128733122059 1.1960262877003347 -0.0015597075372591855 -0.005315237421467611 0.9999846576640821 57.80772937356928
0.9999921790328395 -0.003949159165038962 -0.0002145111702145236 1.5979340899946448 0.003949641187862365 0.9999895662335689 0.002295159795275869 0.8868662607562682 0.00020544498071434908 -0.002295989087059618 0.9999973431097067 57.9331587538411
0.9999935546954071 -0.003585218704983165 0.00019176673755591945 -0.3689800839638026 0.003585639913542523 0.9999910556463355 -0.002243170465655757 0.22457163648564582 -0.0001837227656144502 0.002243843614207119 0.9999974657026788 -58.115327128524754
0.9999698866138932 0.007755821462334999 0.0002703679750169774 -6.019753209737037 -0.0077538314035470466 0.9999473917591294 -0.006715043758551215 1.4554650376940368 -0.0003224344319364969 0.006712745158150579 0.99997741728925 -57.952044171901534
0.9999575216537999 -0.007747302721050935 -0.0049934145169290844 -9.484659535185967 0.007693809898154464 0.9999137483143438 -0.010644304637237485 -2.1398581778844044 0.0050754484767895625 0.01060543410274406 0.9999308799063321 -57.64892489290252
0.999991730011852 -0.003482880401887584 -0.0020998695219953956 3.1099688987719505 0.0034782022829842564 0.999991470440343 -0.0022273651339289047 -5.305189761201929 0.0021076092574057945 0.0022200429426802865 0.9999953146852993 -58.33642958431057
0.9999914783843944 0.0005649884322618576 -0.004089492225843094 -3.1858779759286966 -0.0005463743008840329 0.999989493132397 0.004551384397637217 -0.5805190295378577 0.004092020737625136 -0.004549111219033044 0.9999812803014865 -58.781991546686314
0.9999165663317965 0.0029393079460918146 0.012578586726188223 22.545314706997345 -0.003036606050547716 0.9999655656106279 0.007723122212631814 -2.570793595181091 -0.012555452955746893 -0.0077606740567756904 0.9998910603357051 54.5639348984666
0.9999946967245551 0.002277068199750668 -0.00232840786347719 2.6094324140735674 -0.002273804026383624 0.9999964298853317 0.001403578227305937 -0.7137398974772572 0.002331595594141353 -0.0013982764405689376 0.9999963042356615 -59.266339672519486
0.9999612612353856 0.008592707134647564 0.0019082485778940603 1.98544109890235 -0.008582388554081853 0.9999488519551505 -0.005351269034874045 -0.88254019711552 -0.0019541328623255833 0.005334684402569255 0.999983861123309 59.516946653455435
0.9999963193448024 0.0006643434147090644 -0.0026305787719625995 1.8420311689157665 -0.0006791436329923559 0.9999839245699265 -0.005629330835307899 -0.4569339597232985 0.002626796675407838 0.0056310966565061606 0.9999806951584973 -59.76913284762895
0.9999106830582082 0.010442744678395448 -0.008341162367987542 -18.13618289602043 -0.010447018708246773 0.9999453184270678 -0.0004689945623591596 5.036392962298735 0.008335808669639067 0.0005560929525060126 0.9999651019182876 -57.04826011619004
0.9999945199163801 0.0014708595826090733 -0.00296592469490721 3.0298025808479627 -0.0014615099538602143 0.9999939642481592 0.00315205582204214 -1.2504805552790108 0.002970543024832621 -0.0031477038200485655 0.9999906338735371 -60.26409865340874
0.9999896562280761 -0.002562657595997079 -0.0037576885048487673 0.8296277051732848 0.0025768420146134704 0.9999895553226003 0.0037748021061036656 0.4498054516990237 0.003747975731713966 -0.0037844460300287437 0.9999858152224763 -60.6261244831445
0.9999898891391497 -0.00304036247015567 -0.0033132786664544084 -2.1444240378115818 0.003036959299773521 0.9999948562457958 -0.0010316783228054836 0.23480569907976198 0.0033163982998172525 0.0010216055991906928 0.9999939788940315 -60.87846807025926
0.999985994167461 -0.0034189294784728852 -0.004040097787880073 -1.4013201731953262 0.0033983462704982974 0.9999812680397958 -0.005090659303825882 -0.7426187595972281 0.004057426714087788 0.005076858353654274 0.9999788811758558 -61.19794185607528
0.9999907709988779 -6.323832222812441e-05 -0.004295802367932845 1.847741400683196 6.023312237422369e-05 0.9999997534012471 -0.0006996923725134142 -0.7262979785261632 0.004295845555965058 0.0006994271654619938 0.9999905282114423 -61.51097007687653
0.999988806477359 -0.0009044073320600836 -0.004644240235489138 -0.8445380868792997 0.000906275698683233 0.9999995092484969 0.0004002088502374577 -0.5215977363943112 0.004643876004502742 -0.0004044133325549065 0.9999891353737355 -61.87383078020541
0.9999783721296412 -0.005084726408500347 -0.004171430246771565 -2.4462614562768663 0.005096516164994127 0.9999830348222035 0.002820565680015378 -0.5934932756410901 0.004157017672915667 -0.002841764438870328 0.9999873217091012 -62.169822185275066
0.9998723660911011 -0.015234320981666999 -0.004813210114917019 5.092102178584246 0.015228470034725137 0.9998832588815793 -0.0012499234991753053 -3.8826749797969424 0.004831689951173987 0.001176466140547408 0.9999876352733745 -62.239670383931546
0.9999978697517043 0.0013079990111407383 -0.0015967562868978852 3.3981162361234545 -0.0013097889595504772 0.9999985145102391 -0.0011204598146039805 -0.05752246953792863 0.0015952883546033608 0.001122548841501922 0.9999980974677722 -62.83031419284437
0.9999977286006092 0.0005277437994540955 -0.0020650133425526747 1.1984467701370345 -0.0005277567067214783 0.9999998607201429 -5.705544438044073e-06 -0.26744551878496925 0.002065010043872214 6.795356119480671e-06 0.999997867841398 -63.27193942273645
0.9999842179968231 -0.003748238148029308 -0.004185029040305658 -1.1964807316712691 0.0037543613991090287 0.9999918920406075 0.0014562360835356793 0.05912028662209652 0.0041795367886192925 -0.0014719252126962584 0.9999901824060079 -63.64194126451464
0.9977238904539455 -0.0658283659108021 -0.014617272623736632 -17.22167077871107 0.06564894113530688 0.9977653158293606 -0.012433465154541315 5.976838571629621 0.015403082329718987 0.011445556755778019 0.9998158551879914 -61.3808003549914
0.999993948611174 0.0026903706180909487 -0.002205594470972752 1.6532184418384526 -0.002690257971900219 0.9999963797894078 5.403816572547134e-05 0.01665533145692425 0.0022057318689496196 -4.8104220611208215e-05 0.9999975662134915 -64.39978737682173
0.9999930656641952 0.0023921591576717876 -0.002854154531414785 2.1055669082246187 -0.0023962901481985287 0.9999960851370521 -0.001444819744864813 -0.18372138934296275 0.0028506871190070726 0.0014516491083845983 0.9999948831358169 -64.79020502002192
0.999998644255628 2.581638791111755e-05 -0.0016464569292638856 1.7024588067472541 -2.5985837165845127e-05 0.9999999943685537 -0.00010289620508003282 -0.06308139318732049 0.0016464542635836257 0.00010293885014073592 0.9999986392950496 -65.21056712246077
0.9999922880809524 0.00027055799964884107 -0.003917981239141629 0.5307611811259735 -0.00026969017168347836 0.9999999389859683 0.0002220253833130001 -0.8859658600700561 0.003918041070833379 -0.000220967030038181 0.9999923000342246 -65.64701414865536
0.999956199853953 0.009090532885703467 -0.0022272371886868925 -10.940020709476935 -0.00909066416759332 0.9999586778666906 -4.882716743059151e-05 2.8541264451152317 0.0022267012895236804 6.907209409747622e-05 0.9999975185121276 -65.10931272249277
0.9999814226217928 0.005470555675530277 -0.0026883883455737093 -0.5048753216803366 -0.005470166389250949 0.9999850269552802 0.00015213455126567195 0.5292482505411812 0.002689180352747655 -0.00013742579343535913 0.9999963747050195 -66.52274355826971
0.9999904239492191 0.0034842928246773728 -0.0026479640052223287 -1.3602102901463404 -0.003489349723272717 0.9999920928783216 -0.0019075165381711046 0.7311249224620489 0.0026412967212618363 0.001916737944164729 0.9999946748194631 -66.95588023861148
0.999814900959005 -0.004058017155819521 0.018806815708633906 -28.75916049242857 0.004267994882006396 0.9999288584418143 -0.01113832460190059 12.667443497841093 -0.01876027825013815 0.011216530301889738 0.9997610921655056 59.656735704949995
0.999994947798307 0.0004757204010419016 -0.003142939382646771 1.0306402164326633 -0.0004819047317747134 0.999997948892907 -0.0019672259165417847 -0.054823774548085416 0.003141997086639578 0.0019687305750798797 0.9999931259534889 -67.88510484263156
0.9999854395293748 0.00269227682761634 -0.004676791071595056 0.11735688965502963 -0.002702534733701848 0.9999939535195379 -0.002188431031062161 -1.1862364372950107 0.0046708709313154516 0.002201038356789673 0.9999866691085914 -68.3636213017834
0.9999427883992599 0.010422031940165336 -0.002408563586880897 -1.7066629052547793 -0.010419479008748948 0.9999451432010376 0.0010700681485821852 1.3520243967502998 0.002419583745215094 -0.0010449109505357712 0.9999965268817713 -68.83261653485029
0.9999949174525729 -0.0015313825246971008 -0.0027964149522309335 1.4069721389059155 0.0015288686073193485 0.9999984254730981 -0.0009008951693074696 -0.612235297382537 0.002797790164319223 0.0008966152394315353 0.9999956842163417 -69.34552178924899
0.9999997884026953 0.000618816480330249 0.00020065076268635518 -18.03032761091302 -0.0006179718225517959 0.9999910616221519 -0.004182676969155127 6.518433766618936 -0.0002032372786344716 0.004182552087594396 0.9999912324378865 -67.18511368593722
0.9999568208062017 0.008863974435280836 -0.0027904265561378774 0.9337846100425193 -0.00886576687542401 0.9999604994551469 -0.0006306402485075496 -0.40233496216642745 0.0027847263537279215 0.0006553522892997557 0.999995907897883 -70.38191618046103
0.9999895124827708 0.003043580709224931 -0.0034222128713642156 0.3298420105351706 -0.0030372100049360284 0.9999936481103323 0.0018652330618103745 -0.466413886062635 0.0034278681212107716 -0.0018548195209745757 0.9999924046534995 -70.91711540463453
0.9999868351763896 -0.0021045446565386814 -0.004679782654887639 0.7732921499481794 0.002105867625315231 0.999997744074807 0.00027778920341424277 0.0727321103283712 0.00467918747786436 -0.000287640549154818 0.9999890111733536 -71.46392776022472
0.9999837753298121 0.002554956055678341 -0.00509129420570624 1.592965125809073 -0.0025710204019820577 0.9999917298150864 -0.0031512149281910265 -0.0036051948744859107 0.005083200884098176 0.0031642536220434937 0.9999820741232253 -71.99065854111593
0.9999847271462325 0.003922379334628059 -0.003893637711717815 5.993707973874929 -0.003959605997021571 0.9999460823855242 -0.009599679275395644 -2.3289869067035442 0.0038557741924519218 0.009614949932131397 0.9999463414319687 -72.2802241166255
0.9999738184446235 0.0015847003757180327 -0.007060534682189777 1.7306120910098977 -0.00161903447978261 0.9999868806429937 -0.00485976020484658 -0.8539536592370413 0.0070527407886921065 0.004871064217861829 0.9999632651156505 -73.11505599370084
0.9999589574509535 -0.001666430854370413 -0.008905415308105374 -11.311787828328226 0.0016284045476885473 0.9999895338581312 -0.004275566959683286 2.4434814238851152 0.008912447039466836 0.0042608898607298835 0.9999512053622233 -72.82286261615401
0.9999999999999999 -9.413303470040546e-14 8.373987267495941e-14 -2.4244115290058934 9.410527912478983e-14 0.9999999999999997 -9.722778138154808e-14 -74.21358325027725 -8.380774373095701e-14 9.72416591693559e-14 0.9999999999999998 3.282672580720215
0.9999749659840852 3.2426870821604826e-05 -0.007075758166104507 -4.921240929196371 -2.2021501632669103e-05 0.9999989183675138 0.0014706389276336468 3.1304886105005507 0.007075798200953151 -0.0014704462928153417 0.9999738850927654 -74.70806900178297
