1.0 0.0 0.0 0.0 0.0 1.0 0.0 0.0 0.0 0.0 1.0 0.0
0.9997728195121178 -0.0014141994642394773 -0.021267566966277046 0.2659640940944915 0.001713277318438058 0.999899812197442 0.014050987451084386 -0.03259426840821329 0.021245565316551585 -0.014084232581001634 0.9996750773861395 -0.9238544267394942
0.9980479884613419 0.01258018886780502 -0.061171493167316 1.838939225452381 -0.013321241643641641 0.9998425614556948 -0.0117216390827707 0.23350542578176017 0.06101440198297707 0.012513638550213504 0.9980584409747226 -3.231083020659279
0.9998340892330254 -0.015502621538650967 -0.009563615058917507 4.229207679699421 0.015272593888035884 0.999603068410731 -0.023673899125028108 0.3945942061742689 0.009926826456472679 0.023523910161371023 0.9996739887419412 -2.3617065859705018
0.9998340612756927 0.011609091948291472 -0.014038479158715776 7.756178097483027 -0.012174983134827323 0.9990882431652649 -0.04092007031532908 0.5178737153750957 0.013550634620572365 0.041084198338058826 0.9990637962354052 -6.360359662784728
0.9991146000268448 0.024897562414556085 -0.03391352825953281 4.982031110499465 -0.02425437350499233 0.9995205285551099 0.01924677538690895 0.5617799546667767 0.03437646548261147 -0.018407182911218685 0.9992394278841263 -8.929611557062788
0.9973551079237278 0.009592674816810594 -0.07204699361047277 8.698365295077876 -0.005924177661990383 0.9986831109466381 0.050960259310312186 -0.5894652057291109 0.072440960909404 -0.05039865573409643 0.9960985306096574 -15.541423312968309
0.9958369822884783 0.016208355882104054 -0.08969946435835283 15.224489614272144 -0.011619719814359204 0.9986083071133198 0.05144347456874805 -1.717896483526609 0.09040844439548863 -0.05018703182963386 0.9946394195979361 -22.258646852506747
0.9988314791422935 0.025434163377908058 -0.04109476375018602 21.161260600143233 -0.02190960300669585 0.9962205977462284 0.08405052005928579 -0.5255220557426137 0.04307720476663666 -0.08305193531407495 0.9956137456213026 -18.933688795650653
0.9982216072191995 0.018677514986232418 -0.056610717312692155 30.157200621045007 -0.01337734039154069 0.9956137079456103 0.0925980092380048 -1.48820746660356 0.058091906878388805 -0.09167603277155827 0.9940929711905726 -26.81336760002972
0.998479135934454 0.03304232347610916 -0.04413184749007028 34.531903344302364 -0.02888375457421774 0.99536271990177 0.09175393480089213 -1.1619249492897834 0.046958958945903836 -0.09033969608677096 0.9948032948707332 -20.34241370074402
0.9990604522652167 0.017575835869069207 -0.03961442556853152 40.806551718818056 -0.01432983525733091 0.9966286223020221 0.08078394042054622 -1.1417383313780036 0.04090071565534025 -0.08014037186010631 0.9959441009700319 -12.350247799961094
0.9996345825904305 0.02675732296264933 -0.003840176705366671 54.59160434708163 -0.026198120208783857 0.9939933095562183 0.10625892458989657 -3.9149613156719676 0.00666031431556413 -0.10611949031797885 0.9943310786593521 -8.954076870219469
0.9950809482950138 0.08465396526100673 0.051454956086698575 65.17929920728811 -0.08933247123758506 0.991296165333221 0.09670378574924628 -6.207560008351218 -0.04282074173670872 -0.10082469321172408 0.9939822761578196 0.6162230700474299
0.9951770853870313 0.08479125621844058 0.049325567300056085 69.2070362229881 -0.08929119118298792 0.9912114291441517 0.0976062800803848 -8.071633993061607 -0.040615906954009545 -0.10153987198586631 0.9940020133276376 -12.373301793404337
0.9946509106373772 0.08731698301404281 0.055184331522286835 74.2166590649403 -0.09250254643452427 0.9907080086634368 0.09970416477387004 -7.17673406700168 -0.045965692329878155 -0.10427552947576751 0.9934856662686096 0.7387722375078468
0.9946847047105337 0.08349525437406617 0.06025678975791078 79.85224168587202 -0.08931492619788348 0.9908270276521814 0.10141323992560758 -5.826032085870671 -0.051236531627206164 -0.10625602933929075 0.993017861901719 15.60067943397988
0.9943467941184236 0.08282661400351005 0.06643948403718511 85.6810926578221 -0.0893092258487864 0.9908282323348664 0.10140648986358547 -4.729298899515265 -0.05743096033242245 -0.10676687698381251 0.9926240571205288 32.29213528186842
0.9941399894872489 0.07536690666195012 0.07749523006290071 93.7400713070915 -0.08296916893647419 0.9915141950948171 0.1000785587999075 -3.852917421659833 -0.0692950092595694 -0.10592181222809881 0.9919570410990746 50.51658569023893
0.9937664085065535 0.07344988328965417 0.08386560659008074 100.32966746959954 -0.0816904152455143 0.9916813624576808 0.09947236506232307 -2.2406597179280103 -0.07586172540221746 -0.1057033112007982 0.9914997774181219 70.67926352696935
0.9937484830403016 0.06793092841172987 0.08859650907468232 107.68443528806647 -0.07654291607485167 0.9922646427485715 0.09773464457298135 -0.6795229852721246 -0.08127197828192698 -0.10390508994351151 0.9912611148582257 92.56818481979242
0.9889298840921977 0.07672923051081598 0.12700515554343333 121.43857107182122 -0.08971632073245261 0.990943700434466 0.09990777929409429 -0.4657117475294789 -0.11818911178118457 -0.11019622386662727 0.9868577030666126 114.41275424663965
0.9863405932491432 0.07196973406475707 0.14816406948912153 134.57097204192985 -0.08644802806099353 0.9918390650014525 0.093712366213903 0.2889475069756907 -0.14021045807390667 -0.10524080252302857 0.9845127733711808 138.40032899118563
0.9854871925260186 0.07326292928266732 0.15312588468351743 144.33476150586162 -0.088577870294191 0.9914607175837586 0.0957058325413988 2.137750060273023 -0.14480660986754862 -0.10788043697176819 0.9835613133188229 165.07780570388945
0.9885235743450325 0.08750923835124277 0.12313925518415006 160.16951628363626 -0.09870919009829265 0.9912181431643469 0.08799482059736402 1.7728027860050968 -0.1143575041449444 -0.0991399307292904 0.9884804678802356 152.1691056082119
0.9875724974212671 0.09526702699447852 0.1249990236152096 169.37344300883 -0.10666232603896571 0.9904048377530477 0.08787152871844128 3.744912453410854 -0.1154283784044453 -0.10011219168009333 0.9882579817719294 180.76472616717788
0.9845743952868046 0.08740554317904488 0.1515702186024672 187.5418558530356 -0.10130168065621944 0.9910871674439147 0.08651124796361692 7.578547311304869 -0.14265773600421675 -0.10053107753114517 0.9846533769853109 207.80194762835657
0.9818768959473125 0.10825426202896322 0.155559557589482 199.38679286866432 -0.12248087702259487 0.9888277125682648 0.08495992950084255 9.991085851923696 -0.14462432702919198 -0.10247326290099613 0.98416616199795 239.30014694602062
0.9819504951385807 0.10766535765076789 0.1555036843905263 210.6790433617956 -0.1225114282513243 0.9884459038028351 0.08925046332213711 13.787198606962939 -0.1440977968079896 -0.10669051512354658 0.983795181395881 272.12405358565394
0.9815556728087261 0.12857322920025993 0.1414828113589267 223.5209143041992 -0.1414444801223524 0.9862908652484038 0.0849928712920761 11.754001422930914 -0.12861539651194803 -0.10343719766395126 0.9862853673858808 255.48421204007107
0.9795550313851593 0.12677909239131055 0.15620179967098527 245.74678916222084 -0.14100344359301173 0.986474207517845 0.08358628354551245 10.831332276813777 -0.14349205337903356 -0.10390235625082772 0.9841820619085644 285.7183203921559
0.9785459541063526 0.11720868614598637 0.16944007670565933 260.53448799243426 -0.13318482554952135 0.98733688852573 0.08618393585624123 14.100932928537473 -0.1571929322375267 -0.10690178879822673 0.9817649360240496 320.79991812670363
0.9713507875023568 0.12334283729446865 0.2031358956627343 284.80469427589253 -0.14135164565490466 0.9869900636373764 0.07661805630356881 9.039682427599002 -0.19104282213472815 -0.10313660247088173 0.9761482886024849 352.4646050042349
0.9856624002411717 0.026656879117961847 -0.16661045449341702 321.3317445449627 0.011027643352576019 -0.9955076006062427 -0.09403727036281488 7.218275558788638 -0.1683687139373019 0.09085168094697581 -0.981528373627684 355.91494807281475
0.9854093807199377 0.04350089587210901 -0.1645479396634112 356.75781650318424 0.02185245483129997 -0.9911211921640257 -0.1311535461251641 8.599146227130053 -0.168792246880583 0.12564415824734318 -0.9776107215509244 351.6999807774895
0.986980841371144 0.04176563790151923 -0.15532047597463955 363.4289840058675 0.020940171242013958 -0.9908445372943284 -0.13337395601219365 4.2200850900733 -0.1594688935017252 0.12838510195761244 -0.9788191546964469 330.05409026623647
0.9874711956690893 0.04342515568525724 -0.1517066036056801 365.40296164543537 0.022908998842288218 -0.9906551481097752 -0.13445279950838446 -0.5008721820417626 -0.15612756161518648 0.12929282028523031 -0.9792382504410176 307.534272964012
0.9886438861454646 0.04054240428324784 -0.144705147946187 370.7474791175874 0.021193916392424534 -0.9909126187548561 -0.1328269547205771 -3.781951840762976 -0.1487752811966596 0.12825168789269367 -0.980518954563107 282.56402235658175
0.9895599477363516 0.04196505247627831 -0.13787691687404835 376.05862897452687 0.02358472203363401 -0.9909246472158492 -0.1323333080775159 -7.728988416469488 -0.14217900943045808 0.12769995266563577 -0.981569076207358 256.10758126016566
0.9884015678451871 0.027135547778234435 -0.1494188834383133 396.8457313096643 0.005387930556778476 -0.9895529823183359 -0.14406896053349136 -1.0631369056658644 -0.15176729188297614 0.14159292790129172 -0.9782219236363727 292.53474170388495
0.986859526075965 0.0078095810675317375 -0.16139171675359562 418.95555948647217 -0.017224449798549913 -0.9880554521560853 -0.15313308523558702 5.711664825179455 -0.16065987091448972 0.15390072744526548 -0.9749374195144813 330.19794831532244
0.9876423578845587 0.004154368653052061 -0.15666944224489224 421.9162977442368 -0.02036225162292113 -0.987774177422082 -0.1545559870305013 0.2802963632829518 -0.1553961119882863 0.15583618206059238 -0.9754830253467767 302.2128386376747
0.9918726831195084 -0.004934047949787442 -0.12713864735845842 439.0640128217555 -0.023888904613786146 -0.9886988669324389 -0.1479995633874059 -1.9555129082734932 -0.12497159964433029 0.1498339270570536 -0.9807812669423276 273.2162955843725
0.9940653583605825 -0.010899740384478758 -0.10823704988126687 451.8092763041432 -0.02650317212816032 -0.9892534314788652 -0.14378883883818427 -4.31391725062645 -0.10550661199467107 0.14580412877157872 -0.9836714445680353 241.9756481207328
0.9957676727818022 -0.01545710487450848 -0.09059701844771081 470.77366156618456 -0.028259009216518534 -0.9894950117686141 -0.1417781720968679 -10.132353486824993 -0.087453817760102 0.1437383024594584 -0.9857439475671432 210.97374770240634
0.9986262199500128 -0.015110201775587367 -0.05017324616418693 514.270256171336 -0.022542165805358123 -0.988270395140841 -0.15104130841914487 -8.063211432399818 -0.04730246916551846 0.15196482451694027 -0.9872533456617806 200.16198823369194
0.9987040139645673 -0.017654799462108732 -0.04773468913711409 522.1556771053189 -0.024878911969063448 -0.987559606349199 -0.15526449576979495 -13.778029777936728 -0.044399687277049404 0.15625086228039112 -0.9867189750918612 165.2269163251661
0.9987656289836312 -0.02509295616837483 -0.042866792644965776 532.2604002767172 -0.031470534289655815 -0.9873718289284907 -0.15526260628344754 -18.38338923924256 -0.03842946568010082 0.15641999549014576 -0.9869427344980067 128.80290090581244
0.997610167922074 0.03229493619201056 -0.06108182998935151 517.8758428844602 0.01850316009417802 -0.9766240926200911 -0.21415651935094304 -26.18201375902947 -0.06657015791646756 0.21251451435216204 -0.9748876834100632 162.81118287538567
0.9983225390293671 0.0449087918184345 -0.03654187301396533 540.4067602897203 0.03575935982511348 -0.9746481479039921 -0.22086705497247333 -38.24419337568686 -0.04553434144531463 0.21918984512226744 -0.9746191233217293 129.09945058466573
0.9987460624760919 0.0418793662861624 -0.027430300180177846 573.2753981866109 0.03501845307707388 -0.975976286139012 -0.21504417415588908 -62.96943718840709 -0.035777236234709506 0.2138139555168667 -0.976219023474566 108.51606359599121
0.9989125789135758 0.04444640183414179 0.014077537150719306 619.5058763657684 0.04634037289877601 -0.9796937901918827 -0.19507087762929526 -54.10062787525362 0.005121477114503356 0.195511111764674 -0.9806881133411911 95.15938754637762
0.9985480981771273 0.053346576099964196 0.0074725126467318145 589.6759264975933 0.05374390580615022 -0.9772393427036687 -0.20521905286985198 -70.9644832156579 -0.0036453004738485986 0.20532269696872263 -0.9786875404816104 104.57281128097515
0.9984147144404758 0.05628222239583764 0.0006078083017327289 599.2256381743576 0.055226420679173355 -0.9774861809102815 -0.20364382776896867 -63.4743827802691 -0.010867402988447997 0.20335456122648343 -0.9790448518738398 148.1649096214511
0.9989998223761083 0.04257796044759294 0.013655481559818147 637.6555390737553 0.04435108168958417 -0.9823878628015921 -0.1815132738206267 -64.31400923151872 0.00568651435162698 0.1819373636838813 -0.983293679045221 119.17989149452336
0.9989498492163457 0.04485569358268193 0.009336246775903553 644.5100753408278 0.04580737211112563 -0.981964576813086 -0.18343187984798867 -55.620236152587275 0.0009398994185644082 0.18366691764580328 -0.9829880873904684 163.71925545566137
0.9977395426112644 0.06626428850752891 0.011173592907317818 687.1062444015148 0.06713884930902764 -0.9758822853675392 -0.20771648952186053 -55.648704191048736 -0.002860074007289606 0.20799713741880155 -0.9781252531257215 138.132322657875
0.9985187449248958 0.0538897145604963 -0.007497646177416512 663.7647667122736 0.051636450690449254 -0.9820262520119565 -0.18154370636141323 -47.6730604999 -0.01714622389059315 0.18088764198787521 -0.983354294230904 171.49370621190567
0.9984408405375801 0.05461508327214487 0.011536057636353413 639.9177922769032 0.055781435834955546 -0.9839035618238021 -0.16977105891942565 -61.10352683641546 0.002078307677726109 0.17014985662529478 -0.9854160070384423 142.10397973812223
0.9980017666512596 0.06302406311689596 0.004521197762135244 614.0003880883498 0.06282525825014829 -0.9821246918121814 -0.1774375288901043 -52.96964648201951 -0.006742454061319142 0.177367012719562 -0.9841216805416741 175.3064056977782
0.9963919317351767 0.032266803033344296 -0.07849822797396402 651.9938959862674 0.012156909198787234 -0.9696337104300312 -0.24425944640160777 -37.95709356595069 -0.08399599949865427 0.24242384581491572 -0.9665274704055375 206.39461686402294
0.9946375000262576 0.004114653473877605 -0.10334076237530064 684.070440329784 -0.02258531243482391 -0.9664498837690434 -0.25586036391950506 -26.55262095686529 -0.10092644452144539 0.25682229613020224 -0.9611743655584398 244.95513952521966
0.9952122519432892 0.014966000519010406 -0.09658463858416529 658.306640674825 -0.009129111355699012 -0.9696525615738599 -0.2443165347640348 -37.748220224142095 -0.09730998359790514 0.24402854067037932 -0.9648734831212118 213.18708159665047
0.9948939084679214 0.016063889971087864 -0.09963966244634646 661.821880742303 -0.008264797900538606 -0.9709689375268848 -0.23906278563083555 -29.692265065601568 -0.10058729546562431 0.2386656108384863 -0.965878316452959 261.63972714401297
0.9936633181823324 0.027171833211605777 -0.1090637500675612 636.0071938539086 -0.00017525256216018788 -0.9699634502639284 -0.2432506411885373 -20.70573262710616 -0.11239741716524766 0.24172835297501852 -0.963812338571449 299.4187933624281
0.9918936214857554 0.030181829518238053 -0.1234346014001229 604.9778114774914 0.0005770684227071784 -0.9724426875123141 -0.23314134445838317 -9.825190159308876 -0.12706970782964508 0.23118018226214448 -0.9645771159846837 332.53904117126183
0.9893912508383736 -0.038224085092291804 -0.1401565984295356 579.3828400552311 -0.06135077630298012 -0.9844500401124686 -0.1646031614811201 -3.9882290236729685 -0.13168536369507156 0.17145564394739188 -0.9763513338686444 372.7821443190708
0.9909026975982232 -0.046413641259720036 -0.12632346495240043 611.5128433557505 -0.06634941324676472 -0.9851268741618184 -0.15850172606622814 -1.1713505897875205 -0.11708799790916662 0.16544127571188874 -0.9792443949476783 335.73771116627904
0.9902414261912557 -0.04985390874587592 -0.13014033055693547 632.8056707094789 -0.07097336778767023 -0.9840589180717499 -0.16306693971597033 7.1285063901835874 -0.11993622855329125 0.1707121364936109 -0.9779942062886663 382.2916364773754
0.990250460312007 -0.05143644054280799 -0.1294539239889847 639.5043104777055 -0.07276436007578 -0.9834639675031727 -0.1658432167008322 -5.358610020776471 -0.11878288493980341 0.17364595361597884 -0.9776183862009621 336.7888544363671
0.9903900762438749 -0.05355536176107116 -0.1275120390562931 653.6150100169269 -0.07488907220317974 -0.9827850923806513 -0.16889372119442475 -17.206007688128757 -0.11627176674584594 0.1768199237105183 -0.9773513139280082 291.69455344969674
0.9848662980257977 -0.06888963933320072 -0.15903645055616347 667.753085500683 -0.09618677104253205 -0.9805823207276056 -0.17089885123333265 -7.101712573003411 -0.14417517154272394 0.1836097216080954 -0.9723687520902865 340.7531542302569
0.9816270030072364 -0.06423715980897968 -0.17967196293998497 700.9818314499004 -0.09618316438908757 -0.9798271621953865 -0.1751785692150585 6.043774938277308 -0.16479449582778663 0.1892414318372391 -0.968003333992737 380.0711810478615
0.9773804686433385 -0.06507578185043307 -0.20122763759256107 738.3576281908821 -0.10165634289570503 -0.9789145088104417 -0.1771789276112704 3.7286943074393495 -0.1854545967712854 0.19362728902962864 -0.963387287376906 418.86670057981854
0.9765518859908036 -0.0696779973194571 -0.2036943559781528 728.6836374534647 -0.1077128242781416 -0.9773686420496752 -0.18206725412329886 21.71664270367433 -0.18639839445078862 0.19973861476319746 -0.9619564045832036 466.18234682389664
0.9717328232883782 -0.07136978622858837 -0.22503704974444272 737.9702490251605 -0.11377274194470738 -0.9767878874154124 -0.18149706936729335 34.491486451614335 -0.20686005736821328 0.20196974182341856 -0.957296787863303 517.0345805818288
0.9736891975231545 -0.056540463168897895 -0.22075443970928893 788.0478342784991 -0.09196416455560842 -0.983837226249503 -0.1536453861437784 38.73863485307669 -0.2084992543495172 0.16990435035727602 -0.963151375779199 539.5837291743264
0.9677451528434333 -0.057514983360166104 -0.24527809897567324 793.715579409736 -0.09693766767632636 -0.9836440154150589 -0.15181416114319196 48.78292087667049 -0.23253474521781584 0.1706941054260999 -0.9574920963847511 592.2613935617214
0.9607658733602831 -0.054170636519860545 -0.27201926168064994 804.1301015964533 -0.0979266233070582 -0.983831716119618 -0.1499517615928628 58.35370177088745 -0.2594981946641062 0.17070646295954403 -0.9505366854939941 645.1339550308227
0.9732771275620766 -0.03624992305141472 -0.22675443996376327 855.9579131616971 -0.08356738922221142 -0.9756655667242786 -0.20271456131016513 47.03537101854215 -0.21388811192559756 0.21624672248927945 -0.9526222916715438 633.2512107127026
0.9646762065120246 -0.03411942314317299 -0.2612196040766216 873.0896950393766 -0.08875778289330906 -0.9756980366755055 -0.20033820704854455 60.97926176369404 -0.24803603078067937 0.21644677450111857 -0.9442610450731429 684.5075268796743
0.9641078541612375 -0.03060197549523816 -0.2637414731141145 924.2837289029765 -0.0824333612058069 -0.9787475320606451 -0.18777116244382672 69.9935079794608 -0.25239014740066096 0.20277274861524544 -0.9461408066002054 707.5260867068375
0.9534181878370686 -0.020499854071703193 -0.30095434053111725 956.5025082041382 -0.07831248906773006 -0.9803014050266983 -0.1813182543449348 77.34544899360112 -0.2913089651169313 0.19644060498205654 -0.9362425837125669 754.1420995076274
0.9392431556864079 -0.014489860041301972 -0.3429465533464664 979.6634742492279 -0.07976262635787935 -0.9809730367053492 -0.17700232962753767 82.59559249543172 -0.3338565828806312 0.1936025444385109 -0.9225279599308636 806.1483561556142
0.9219300390215277 -0.00856391340363672 -0.3872617493853203 1007.1064798414957 -0.0823579077560971 -0.98123079802277 -0.174365409533063 88.21215893349584 -0.37849990512522336 0.19264677624816226 -0.9053314539003856 856.6129436051733
0.9489329698434839 -0.011366176076990949 -0.31527294331326916 958.6814882611075 -0.0718585613001694 -0.9808685399922769 -0.18092333852017306 89.52080140012677 -0.3071849050846994 0.19433918105930711 -0.9315952537412913 866.591887905728
0.9337814365009056 -0.011954859259470256 -0.35764411107466954 972.4453948262792 -0.08134110256100882 -0.9803701932789595 -0.17960486954515276 101.39104137472476 -0.3484764753616301 0.19680285940569595 -0.9164239088158252 921.4033042524295
0.9337814362906415 -0.011954859442487272 -0.35764411161753523 1029.8176300611913 -0.08134110276488246 -0.9803701933153639 -0.17960486925410735 107.07070703217241 -0.34847647587746794 0.19680285921323024 -0.9164239086610064 928.4917027227044
0.9146750969200409 -0.012412683364749252 -0.40399924797702186 1049.7270391323677 -0.09174071802091452 -0.9798170334143108 -0.17760129979305478 123.47553206580787 -0.39364083595496147 0.19951066719065905 -0.8973529884865911 981.2881145201601
0.9057897760215166 -0.01551029690279381 -0.4234433992222304 1105.9108409755734 -0.10843217209759656 -0.9745398198044471 -0.19625137877148643 128.94161468264662 -0.4096185368230891 0.22367737995939466 -0.8844100202877685 1000.7824594948486
0.8789244856806736 -0.008063194127198864 -0.4768927902279814 1143.844609971021 -0.11202214501539817 -0.9753785016980798 -0.18996793795626216 138.15784579852652 -0.46361922684150264 0.2203900254677428 -0.8581873042507759 1047.1044186708907
0.8519292793082732 -0.005698112244156748 -0.5236258536150962 1192.1676509014785 -0.1176517789464594 -0.976459189772732 -0.18079134276593323 145.16839122003168 -0.5102691074012026 0.2156269515279311 -0.8325445668591862 1083.3925260965843
0.8445861911359693 -0.005700958473951226 -0.5353892647550128 1250.2964762994388 -0.10904288803318038 -0.9808179110490997 -0.16157312256269432 148.74306231909685 -0.5241982585928909 0.19484281982601878 -0.8290069126674545 1100.3700962659918
0.8152422458087104 0.00515856016414114 -0.5790971161263041 1274.6524127789285 -0.10679768239540909 -0.9814705338348165 -0.15909068561347267 161.66531227673323 -0.5691874345799806 0.19154367771092917 -0.7995853199285429 1154.6335248865341
0.8333638961574106 -0.007549673698058357 -0.5526731574885763 1303.8423657827802 -0.10706313688447414 -0.9831740390691084 -0.14800774851671322 158.53567579242684 -0.5422564903270379 0.18251523587794818 -0.8201500395480196 1109.8063371226863
0.8223593540160661 -0.007147625909167154 -0.568923548735803 1362.6199956694204 -0.1273596136343335 -0.9768607882691198 -0.1718212127682211 159.72844142798021 -0.5545309925307974 0.21375666489279688 -0.8042409256788137 1101.591074512301
0.7876115242905278 -0.0029263235328438773 -0.6161651754483783 1396.4727614270132 -0.12988315698663447 -0.9783087282397124 -0.161376571351535 172.59514576134728 -0.6023275291201091 0.2071315255594204 -0.7709073088144185 1150.9802617856315
0.749416028731296 -0.007899384457240026 -0.662052275583891 1436.3329123410133 -0.14147272012775358 -0.9787462047402395 -0.14846324853722875 182.52462218451083 -0.6468083837894084 0.20492307442493943 -0.7346056412987597 1196.646898122081
0.7120353242049298 -0.013540280111444427 -0.7020130753047854 1468.2745878119763 -0.15066558816021264 -0.9794713113440162 -0.133924720639491 199.1726261783083 -0.6857882892181205 0.2011283447665497 -0.6994582269891098 1246.075053631444
0.6821629698983109 -0.010669369183141849 -0.7311223201768278 1494.9548526557448 -0.1539856981498193 -0.9795659437396754 -0.1293791584093318 212.63699193254453 -0.7148021315474845 0.20084005184879836 -0.6698665436551838 1298.6503347385817
0.6385142195390286 0.020363434706347106 -0.7693405760607087 1520.6588071867227 -0.1291110873458596 -0.982648140911518 -0.13316515417894606 219.6311047976791 -0.7587027867161378 0.18435824280485216 -0.6248056655785634 1352.630898597893
0.6567267184756055 0.017303737489670103 -0.7539301014743667 1468.8572974517263 -0.09729891723300217 -0.9894364959064829 -0.1074632089302248 217.93525981316503 -0.747825472918345 0.14393054310042835 -0.6481057481748382 1342.4344114513551
0.6319821318697892 -0.0036068177314636162 -0.7749745646556183 1515.567528362876 -0.12956665142260282 -0.9864063613586873 -0.10106915014109817 215.25895339654676 -0.7640753024646506 0.1642847562525573 -0.6238585184371434 1380.0125693526234
0.6472738780820496 0.0036925568536289796 -0.7622485761065764 1476.097653552237 -0.12695388240389827 -0.9854992394738682 -0.11257868687722199 229.02221589109286 -0.7516110952448734 0.16963965933797784 -0.637419130152597 1417.4579858585337
0.6149168277157999 -0.006908307576239917 -0.7885617098733401 1533.0736299706916 -0.17574892706617987 -0.976012629050884 -0.12849771425306705 227.34926248000133 -0.7687584858894377 0.2176042812529401 -0.6013807173108957 1433.4871852052077
0.5890164027894492 -0.006171255492301216 -0.808097514444032 1575.9043022257176 -0.1750746805121482 -0.9771966567552015 -0.1201480348154751 232.06706535380903 -0.7889287252271546 0.2122465774331837 -0.5766652901634995 1475.4192586679026
0.5571587524022468 -0.001985134940646911 -0.830403627075915 1633.9380025842174 -0.13732353203972622 -0.9864491806975111 -0.08977895883411743 228.0802841536955 -0.8189727542291643 0.16405509178465444 -0.5498814005672701 1488.4513647809456
-0.5571586541638388 -0.0020757059040679648 0.8304034715337693 1636.8919296844447 0.13737123075941648 -0.9864494158777525 0.08970337158702041 284.4727217069849 0.8189648216193295 0.16405255669886848 0.5498939712258909 1481.7246966762661
-0.5545236402418948 0.019020309333377006 0.8319505756027434 1615.3385158355889 0.11820263692494944 -0.9878017776006295 0.10136954568814173 272.8410299549337 0.823730337572232 0.15455056131212846 0.5455111868341833 1434.3618333335708
-0.5336641486413662 0.01766362056251688 0.8455120182253502 1571.3000405381472 0.11448845418644968 -0.9890689562625177 0.09292466634734864 269.72591042069206 0.8379110754208229 0.1463919269167258 0.5258083618779036 1405.2161232611002
-0.5199580476669597 0.014363633718885034 0.8540710243842425 1527.2061740941595 0.11757563590964464 -0.9891380363090944 0.08821516290879859 264.6442413749293 0.8460612262164031 0.14628612768466104 0.5126214688639363 1376.474920460619
-0.5527935521282518 0.09403085919160845 0.8279960665637929 1523.1750330747716 0.08609046311914416 -0.9818524480645816 0.16897988752959162 291.58258426453864 0.8288592889540166 0.1646935570970222 0.5346665422161442 1429.3470850277681
-0.5416914897182304 0.09018834452137196 0.83572506991195 1477.9759271666833 0.08585266093905342 -0.9830920147014334 0.16173871286725056 284.0776457054763 0.8361815894747535 0.15936170538358752 0.5247896686108688 1401.4421706150586
-0.5175049386751329 0.08835111053335183 0.8511067616429595 1426.0704930140228 0.0990453259517745 -0.9817844680503776 0.16213969810672063 295.33990515346585 0.8499286216229871 0.1682062411522092 0.4993275463896317 1417.2143358065566
-0.5191872592741851 0.10175077266166456 0.8485819760459854 1470.1678852551477 0.08802731145997161 -0.9812409182187338 0.17151516798924735 309.9641352773689 0.8501151582253348 0.16374687989700684 0.5004909360612887 1458.6369912599043
-0.5283916894126418 0.10555748351251801 0.8424131054501429 1518.4721233446996 0.08885643854990548 -0.9799157014736243 0.1785210109025718 321.54777229422075 0.8443380578227406 0.16918284688452817 0.5083998509364104 1496.8201472796725
-0.5420167879466734 0.11968863768284459 0.8318007162737899 1548.741187160029 0.0776606209777511 -0.978436223864869 0.19139326994019512 339.55578645079214 0.8367715515798303 0.16833652556315568 0.5210337653434789 1548.7365057454458
-0.5434686658814175 0.1252427982274349 0.8300337647934732 1595.9174562975008 0.06374737878945247 -0.9797939254025615 0.18957883700906286 350.84046624419386 0.8370054246553857 0.15594263444098974 0.5245033973779939 1589.5315431495862
-0.5361159085870384 0.11557715007362715 0.8361947470181487 1652.1820774466487 0.02752215683271709 -0.9876627795516603 0.15415824587597834 376.1232298741966 0.8436955988051413 0.10566057102411036 0.5263207959863353 1584.775216447779
-0.5483504395662652 0.12945337080412894 0.8261680338859194 1682.8951392350682 0.0015607270820962292 -0.9877852915514191 0.15581329187732335 384.2970085525868 0.8362471880720767 0.08672970991604326 0.5414504574376314 1640.9424886599058
-0.5472428233541308 0.1243055715333207 0.8276916196103278 1738.2375485817886 -0.004176405197326209 -0.9893029686810891 0.14581561575635937 392.8171192010873 0.836963469888037 0.07633977367370558 0.541908100168673 1675.2455157990169
-0.5492653384412894 0.11785385311753982 0.8272956287158287 1796.5202023643194 0.008256205627955995 -0.989191241133707 0.14639850932635792 399.41956244459897 0.8356072181686802 0.08724194959822784 0.5423554361990817 1706.6302581520647
-0.5484190352974917 0.13761356093855281 0.8248024427517012 1845.9940148551495 -0.01620466153171908 -0.9879292733884507 0.1540557033244943 408.50446490878073 0.8360466318740878 0.0711214357839678 0.5440292002310322 1752.2613138317297
-0.5493572753185778 0.14243153520745241 0.8233588779098641 1898.853321109649 -0.019475787149552164 -0.9872800598206879 0.15779346372825095 415.3937464102105 0.8353605675212645 0.07064942504296437 0.5451434499025422 1795.7790343206457
-0.5619969994976333 0.19619732753235203 0.8035334350385267 1924.2676869350546 -0.07034897842754415 -0.9792786509412961 0.18990614799102887 427.0828670778592 0.8241422169685605 0.050198929069774315 0.5641539450632161 1858.5499658720926
-0.5698509508272409 0.17885251478969275 0.8020484223503505 1963.9051698805692 -0.05632976492842271 -0.9822332203781781 0.17901077724153047 445.2916740317661 0.8198151324685303 0.056830262527200526 0.5698012546815706 1912.9767069111153
-0.5734315780477329 0.2127521077760604 0.7911464882905845 1998.6508676714152 -0.09598105153887303 -0.976488021593471 0.19302533882875544 462.82774353863783 0.8136116168315043 0.03475175278035295 0.5803692381885132 1971.8940269009765
-0.5912388392391337 0.2053769666585538 0.7799082872628593 2065.554392331349 -0.12208122570457831 -0.9786798905768708 0.16517217111519297 468.80515830422195 0.7972031167184591 0.0024440430785447565 0.6037062343125185 1964.8292285195146
-0.5954483989847065 0.21852363026741523 0.7731032448265193 2113.843939458859 -0.1393599444869517 -0.975803470139258 0.16848262087458737 478.8858676090655 0.791214263028125 -0.00741691842518687 0.6114940550012987 2019.6510595190528
-0.5956297646673375 0.2227156148366145 0.7717661163527939 2169.3856609843538 -0.14500686167627097 -0.9748212672359013 0.16940043391734289 492.3352337532359 0.7900621453462549 -0.011011441891671874 0.6129278543501968 2067.236976777434
-0.5751553052932884 0.2204407231994364 0.787783131545914 2126.715520767558 -0.13572418603767827 -0.9753757198095423 0.17384231513190437 483.6093888871376 0.8067064646557567 -0.006934894470701085 0.5909116576285214 2105.196894789772
-0.5748130445627124 0.2150260927044814 0.7895275443306472 2185.281388291668 -0.1344280577916961 -0.9765619832608181 0.1680945868493182 498.11013453860056 0.8071673067455678 -0.009511693116049212 0.5902461068191547 2151.604636599575
-0.5802623537994636 0.2684457894359951 0.7689164186679748 2231.209798582422 -0.13724896123201177 -0.9628453680136666 0.23257583695507408 496.62903314990115 0.8027816162592636 0.029422022852012668 0.5955468253357213 2112.1080982148096
-0.6015387037794268 0.252664434444189 0.7578336700242065 2271.1441172319805 -0.12578018359746299 -0.9667870349515125 0.22249084130328614 510.1469470331725 0.7888792894160371 0.03851639412838827 0.6133399987884303 2178.034739929626
-0.6078877680481195 0.2559617897594416 0.7516355657102796 2322.600641869663 -0.13439544790486488 -0.9661265953707929 0.22031174571430245 524.6949155828784 0.7825664987973373 0.032908416862191855 0.6216966390931337 2236.9870158896624
-0.5894110677936033 0.2616835860751186 0.7642750119827701 2280.1142627580443 -0.0878806835465259 -0.9612357615828778 0.2613480363683133 506.30876234807226 0.803038964572577 0.08687641471103336 0.5895599290531515 2269.1006031996812
-0.579321512986847 0.2662624529736648 0.7703835997261819 2233.4136698159823 -0.05766021134614766 -0.9561602620958136 0.2871112209865298 494.84849094600014 0.8130571226046447 0.12190922575959973 0.5692769590072545 2296.147085230162
-0.5870138307629175 0.29105756818539524 0.7554470560502845 2247.669079339033 -0.07964134337223847 -0.9493729905905529 0.3038884353887266 509.9881999921402 0.8056500598391999 0.11822189619163813 0.5804752917583518 2371.407544942344
-0.5882763897047552 0.2921883168374831 0.7540271061570736 2306.634380752089 -0.08389715302955125 -0.9494610423700025 0.3024648685966644 531.4557488058033 0.8042960630448663 0.11467221339687894 0.5830592821019024 2425.347143491275
-0.5878108375583193 0.3012932371457276 0.7508001095492919 2360.1377330578257 -0.09845317743018182 -0.9478048900623058 0.3032702791700403 552.9593170261746 0.802985299431369 0.10434690040542992 0.5867932628046191 2486.379311137086
-0.6087078781129744 0.29155459462897615 0.7378825363660036 2410.9769215182296 -0.09154656287497731 -0.9496307539005427 0.2997009477329977 577.2662817497581 0.7880951376255121 0.11487971795322216 0.604738542226316 2550.3612722389894
-0.6090848354776405 0.2802765347649318 0.7419304059353082 2480.6615844252 -0.1015361470884564 -0.9553341161631873 0.27753763227556233 597.1946036182618 0.7865787144498657 0.09371120826696878 0.6103377224287696 2535.398572021802
-0.6189156270545061 0.28418545472390444 0.7322445451562536 2533.85947786218 -0.11261498254078026 -0.9547265249136875 0.2753454708789775 616.0706546087137 0.777342467831948 0.08795390809732698 0.6228987058546036 2602.4953014138996
-0.6200507185812363 0.28089030745811683 0.7325556235283237 2599.710567530447 -0.11002566111814975 -0.9556177706160928 0.27329293876394734 638.060283668156 0.7768085094039605 0.08885556627924049 0.62343662713927 2658.6068877319426
-0.6125442383409694 0.33526476263534344 0.7158121925549624 2643.421089660546 -0.17019289426549342 -0.9402916113371329 0.2947644218533581 655.3824855945312 0.7718963238782868 0.0587300994727227 0.6330298891830527 2734.9414865774484
-0.6464299297376698 0.34906021156008477 0.6784433024542095 2726.492881315742 -0.1438351236383818 -0.9290186886657168 0.3409336201047871 671.7339755937206 0.7492928687417753 0.12280571979941324 0.6507526043261493 2749.7450673985836
-0.6473979661155155 0.34969123841192384 0.6771941459045722 2786.276413208743 -0.1490877938061251 -0.9294684566673069 0.33743327903232817 700.2544682034307 0.7474280588842734 0.11749223735388215 0.6538706836631106 2815.010487065296
-0.6565779826577576 0.35175736676642894 0.6672121908468185 2836.776042820157 -0.161664059918262 -0.9296662192096696 0.3310369353880854 719.9054415955471 0.7367293155697081 0.10948733162306015 0.6672648947713714 2891.7491989487967
-0.6642398285363482 0.34781583425836804 0.6616718186723318 2897.769286237199 -0.16407643849368275 -0.9314092665119589 0.32489336802538427 746.6148063920492 0.7292903211459947 0.10724235961038181 0.6757475148218951 2960.9169139098613
-0.6624075849632721 0.3407024897134969 0.6671866342232454 2867.9078420731807 -0.1536199415624493 -0.9334489284710235 0.32415121701243405 728.8518715232577 0.7332237754856782 0.11222705306348775 0.6706623469550165 2941.846680396645
-0.6590236311858207 0.3939328118385371 0.6407064798295957 2900.620980936779 -0.20748852717896232 -0.9140306705421604 0.3485634008288137 743.8520834534007 0.7229359339718547 0.09677227425882103 0.6841043504517538 3030.1634944941575
-0.657197446644986 0.4020423292607422 0.6375370433205438 2958.3853625087836 -0.22518380349750944 -0.911956699780719 0.342968267289335 768.5375883159952 0.7192939390580902 0.08183485325732719 0.6898690354166119 3107.4252342891327
-0.6699788855096155 0.4241450252979273 0.6092858856779035 2922.922348298626 -0.2039790723104331 -0.8943055081394785 0.3982589561714314 758.4879151439442 0.7138072786338522 0.14254352186753738 0.6856825164337584 3167.305617870811
-0.6976177054019435 0.3965000223385209 0.5967556194919931 2956.7497499959095 -0.1873029662015064 -0.9048726158033648 0.3822605760751277 788.4602902931101 0.6915541453580053 0.15489764831888625 0.7055207882007702 3255.937085827499
-0.7048344281670111 0.39712970438732703 0.5877894408406037 3013.2965085470855 -0.19077035465961645 -0.9041961933514533 0.38214645845772327 822.1727366690957 0.6832386849802367 0.15721718042875663 0.7130691814435031 3335.9870540329844
-0.7067610333710265 0.4018297666402733 0.5822556829693761 3072.116440590795 -0.20329839921319667 -0.9036763881974404 0.37688028111294847 854.3814087325137 0.6776124280041407 0.14799264865608827 0.7203746062696044 3418.1817851518763
-0.7259835696055945 0.35691054383168297 0.5878458304389713 3042.002434940648 -0.20820647096536712 -0.9287380100668747 0.3067503449144989 863.2447404190928 0.6554371992119938 0.1003024045513697 0.7485596205582754 3492.3380987426235
-0.7214829379388937 0.3568062447326044 0.593423688424107 2997.2274908173076 -0.19118228166023113 -0.9263480089923348 0.32454383589142416 859.8762559898988 0.6655161195960969 0.1207007454647506 0.736559315060237 3541.659895025157
-0.7079090356623983 0.36343874063096776 0.6056212339706244 2966.578737414646 -0.19609027656741365 -0.9248743373503518 0.32581599645575593 832.660420258615 0.6785376928831915 0.1118916525899778 0.7259937034282302 3534.597294825497
-0.6956545376572539 0.36369142344870087 0.6195105428858512 2941.369638386036 -0.20895253985764858 -0.9275296951274016 0.3098830436534105 827.4885183899353 0.6873162302200537 0.08612324405594483 0.72123448788128 3509.9763819438435
0.9220824749198342 -0.38660507985041537 -0.017332676641519953 2988.789706863128 0.3843906367981203 0.9097760189224796 0.15668897132693815 852.6348869541782 -0.044807898719338206 -0.15114267308543436 0.987495895983849 3605.9001821835254
0.9089451025223403 -0.41174100177032824 0.06548395270454235 3063.733565374805 0.39631400081710577 0.9020690910370075 0.1708992912565776 891.8733508702866 -0.1294372950775204 -0.1293858665265485 0.9831100061469148 3680.5661120001137
0.9103031728213248 -0.4104401925325036 0.053730642144899296 3150.454845791714 0.3981615898213956 0.9036907960740015 0.15751283592784157 930.244571729162 -0.1132054854780565 -0.1219909564066598 0.9860541185009389 3679.801796936638
0.904826909010207 -0.4196357918800503 0.07206987515065043 3188.6684823738697 0.4050684644106736 0.9005415043927397 0.15793839940316884 945.6111803826533 -0.13117851909138137 -0.11371368008844422 0.9848154116836988 3785.3519383419593
0.9019697114397565 -0.4216509218234635 0.09306524469799936 3228.162159948529 0.4046028754777921 0.9005779851712485 0.15892075314442497 967.201992382957 -0.15082159261982078 -0.10568724024360918 0.9828952408315488 3891.422872636262
0.9015251008005639 -0.4193580748152598 0.10673002255112894 3268.906731786252 0.3995862610497894 0.9014260526567811 0.16661900123292608 989.9314018346366 -0.16608224651291623 -0.10756336122883596 0.980227938142132 3999.134972072693
0.9018697251065313 -0.4191887912815201 0.1044593519039854 3300.3432450097207 0.3985678514788494 0.9006486646810337 0.1731347757551885 1010.4120882063487 -0.16665733318338666 -0.11451087316146664 0.9793429395385448 4108.343502691482
0.9019390349822106 -0.4206594226562025 0.09773242709511464 3329.5965598447456 0.39947326551722534 0.8986371076972125 0.18130763581986103 1029.8697384252262 -0.16409475102012902 -0.12448694228766025 0.9785580789546978 4219.70431525826
0.9019390350058761 -0.4206594226420577 0.0977324269375954 3338.720827947827 0.3994732655720843 0.8986371077317646 0.18130763552773582 1011.7198323293944 -0.16409475075650348 -0.1244869420860351 0.9785580790245547 4326.522409628883
0.8972608159479228 -0.43022135041080545 0.09915955735663336 3377.1670345501693 0.40649312088498457 0.8926585652754546 0.1947409266526841 1041.533286806649 -0.17229733264809455 -0.13442572481136947 0.9758295720418028 4436.692189295154
