1 0 0 0 0 1 0 0 0 0 1 0
0.9997284487894301 0.018770817081789806 0.01380887783861523 0.21742714063421473 -0.0187578369344714 0.9998234849074539 -0.0010689158310834557 -0.10841772354885261 -0.013826504786806637 0.0008096008869506316 0.9999040815557182 0.9700366156677356
0.9995641118914949 -0.022965276386639092 0.01855215079315699 0.008789267954787933 0.02277702551028384 0.9996875560390319 0.010295504339786758 -0.0351642342116662 -0.018782793388381666 -0.009868453839987704 0.9997748848072436 1.9445725284331092
0.9178380743249953 -0.3032040248786901 0.256204193206799 -0.018655466443446345 0.258163577002674 0.946226923008676 0.19495173167406474 0.38354659865057006 -0.30153745510063673 -0.1127915310246954 0.9467593325130399 2.7147719378173933
0.8716153051540115 -0.3752285434981096 0.31542082994876264 0.10336692691903988 0.32170573258713164 0.9233766799070056 0.2094777520990975 0.411759066168734 -0.36985427054700337 -0.08111132564692354 0.9255424201029054 3.7082900913356043
0.8847123495978014 -0.32773592689005837 0.3314712969393451 0.20388877013340045 0.276264668768037 0.9414130105320068 0.19344088603898626 0.42284430373395016 -0.37544891964103944 -0.0795657327407723 0.9234215737753804 4.705530152621613
0.8717721764596585 -0.37141455014613145 0.31947535787684206 -0.2303194481776213 0.3080563971463607 0.922640056522284 0.23202711539334825 0.5896962884706849 -0.380939008934492 -0.10385835565953139 0.9187485583290486 5.608792084820078
0.8651300216614243 -0.4181986132776269 0.27687536089867754 -0.7200018473542352 0.35718278383557467 0.9012665593669729 0.24523264036071057 0.620082741822287 -0.35209445401990064 -0.11326300728608081 0.9290861029145474 4.642410574914448
0.8300766613073637 -0.5005587129039657 0.24579200818729927 -1.2052432990139585 0.4500890734259674 0.8616032607208923 0.23464792157118722 0.46314640675016483 -0.3292302573205777 -0.08414746609999381 0.940492765316978 3.7406933349341642
0.8322673374054078 -0.4976313479642508 0.24432380279333227 -1.1802955476632992 0.4478206817293811 0.8632759713606778 0.2328330609829889 0.29906427195708496 -0.3267838981705556 -0.08436609979463926 0.9413260036256815 2.7523981568050506
0.9312732934370386 -0.2702410884906819 0.24433543955452247 -0.853730193973764 0.2539670088615733 0.962392267198755 0.09644626714364533 0.39985785034618576 -0.2612102818436429 -0.02776469210003237 0.9648825371679989 1.795802749445399
0.9412661325955877 -0.21081406713818696 0.2637716753656473 -0.8377555043595193 0.19846561332269197 0.977390214957542 0.07293673994425356 0.546746331468803 -0.27318394527678913 -0.016303275802861644 0.9618236508014885 2.804622781924136
0.7621563333685882 -0.13897971945188786 0.632299265448904 -0.36640225433925594 0.37297508710105015 0.8925721400576062 -0.25338618588026346 -0.1167018195706489 -0.5291571674919578 0.4289517599614874 0.7321154825011069 3.3406465157748806
0.7796404606845647 -0.09505080233781223 0.6189718063357139 -0.11573513134929958 0.3239497285325758 0.9071022468177913 -0.26874167373480434 -0.2544367238859247 -0.535926604533895 0.4100376309475154 0.7380052952111642 4.281708124527099
0.7467099204169887 -0.06985304264871059 0.6614717281816133 0.627224301156703 0.32935003230116233 0.9028312782662832 -0.27644934293155926 -0.4158566891930293 -0.5778865381492091 0.42428320190267244 0.6971591737968718 5.14263750552824
0.7297470269016012 -0.0609160113462169 0.68099817642189 0.5513496391276781 0.3370039581160745 0.8986728289406428 -0.28074094595893784 -0.4430974537372 -0.5948929390590986 0.4343689515670828 0.6763327620130042 6.095674969819699
0.7201077521396966 -0.10071678478020903 0.6865136230052894 0.7303829422371974 0.3571424320627146 0.902081632503408 -0.2422767250899547 -0.4384659003945852 -0.5948899969983039 0.4196484928645884 0.6855662140944779 5.134385333958788
0.7152195901320638 -0.10203026801286055 0.6914121508192815 0.8052055717181427 0.3554067955570857 0.9049197402235889 -0.2341073972037506 -0.5425135189492338 -0.601786463426327 0.4131707736068632 0.6834785763094101 6.121506707878896
0.7119399346434709 -0.10080780021329251 0.6949671336660502 0.6848580413086783 0.3559569260574284 0.9048881557876008 -0.23339257123366 -0.5416267266725255 -0.6053397362238797 0.413539856521072 0.6801092491776105 7.106110011693129
0.7112000240959636 -0.10169795161598459 0.6955947472221249 0.6141836466465663 0.3562833291042611 0.9051322814220324 -0.23194340372196276 -0.5224971259516433 -0.606017091448983 0.41278696656369473 0.6799633851222111 8.103356399833682
0.6853459191065904 -0.09741145409261007 0.72167304215656 0.5088590626635132 0.36752908600097756 0.9018069943273521 -0.22730269669661007 -0.48983150877544734 -0.6286679108298976 0.42101680915828965 0.6538512860727141 8.989758231603485
0.6745575112595231 -0.17479967593574988 0.7172288597763713 0.06172304521022734 0.42484401568030905 0.886468984476365 -0.1835219384762216 -0.5623935518929399 -0.6037215635903587 0.4285064910292454 0.6722369082412939 8.019834079357569
0.668657922898028 -0.18553842655926084 0.720050049937924 0.0926461675102426 0.43389439033099325 0.8837645074798309 -0.1752026065965508 -0.6489589231975044 -0.6038478617872138 0.4295762884387861 0.6714402223773646 9.015909335093966
0.6613378968024376 -0.22651877766764986 0.7150674301189225 -0.2545839377429136 0.46254917662662204 0.8736325107509461 -0.15104468001565044 -0.6344015100618139 -0.5904916980406765 0.4306454220387688 0.6825423613389042 8.040008988697593
0.683282733158587 -0.24718452736214294 0.6870404034699 -0.8593225946458357 0.4611635483198489 0.8756164643393032 -0.14361054654509942 -0.529853165148328 -0.5660855838725956 0.41496459705701333 0.7122861046805078 7.067735411195645
0.7201807145103475 -0.15313331298556263 0.6766756437920821 -0.4149189050794969 0.36281066048816923 0.914472308322353 -0.17918934663568586 -0.18433947613217688 -0.5913612796620213 0.3745538489531927 0.714143718834552 7.995705701093985
0.7156349761279927 -0.17467252728876884 0.6762810725969196 -0.38118297410857815 0.37663000545802605 0.9119077525251057 -0.1630156123605851 -0.22154050776188364 -0.5882316039885777 0.3713674179234945 0.7183799976153709 6.997653214615195
0.7038477643294225 -0.20750155725092365 0.6793684040245863 -0.5046785053503761 0.4036630004186322 0.9037959054078755 -0.14215886697981414 -0.19658306979205883 -0.5845121955455685 0.37429408906152756 0.7198954286228652 6.003766736993233
0.7047086150094661 -0.20607444077350745 0.6789102243973968 -0.5405987234305196 0.4034683254148234 0.9035029860540118 -0.14455332780133606 -0.17452654231536247 -0.5836086688170402 0.37578674677450835 0.7198508474887227 5.004338393694812
0.6650511604215054 -0.2787440390084414 0.6928266123203319 -0.8077867303575348 0.47881465123957695 0.8711045384488234 -0.10914858153994696 -0.18660153931670173 -0.5730998898798804 0.40432492355916017 0.7127958139667675 4.066877013959851
0.7014054530212379 -0.2671611833288746 0.6607989804731738 -0.39370155872370693 0.46081121085643634 0.8772542931901914 -0.13445420420500312 -0.2543376676095605 -0.5437677982568451 0.3988104903355618 0.7384218133135089 3.21788203275889
0.7243509831618332 -0.2580972168528501 0.6392976457373332 -0.7549926252583221 0.43786782881065534 0.8884735745745235 -0.1374280603639936 -0.025017282866749396 -0.5325292646278961 0.37947402274145187 0.7565791752217943 2.2650601671290156
0.7145947330271742 -0.28034198000306243 0.6409077482585014 -0.6130268415277357 0.4531142436106496 0.8835075246966944 -0.11875157279576277 -0.07383630717443479 -0.5329557671767612 0.37526367803490035 0.7583767679595327 1.2751641853221856
0.7873065443430369 -0.11905297750649271 0.60495850583446 -0.2519993756980755 0.2774668205905494 0.9446246724563142 -0.17520385742948769 0.0425871418480977 -0.5506001895259367 0.30579505675147645 0.7767424377233176 2.189803066590553
0.7819329565093889 -0.11391427426122927 0.6128657190967873 -1.1821284463289592 0.1966077723658106 0.9780475441013222 -0.06905349609342472 0.6445540553778304 -0.591545632533822 0.17448936814862986 0.7871640394690622 2.1644764447872262
0.7846392810268329 -0.09843861797922682 0.6120874424132822 -1.0247144687722147 0.18605577291912004 0.9791923637124798 -0.08102816924153489 0.62837467699285 -0.5913750485378658 0.17746028664888774 0.7866278654035402 1.1781456610191925
0.7815229168016603 -0.13524368939873274 0.6090411110849927 -0.7753969206378449 0.2057627173676995 0.977473699871311 -0.04697733710363979 0.4605852707934708 -0.5889682798379593 0.16203181952230117 0.7917462060578544 0.21314085126495852
0.7805270144009803 -0.1361395779631118 0.6101176895503982 -0.8258646812028976 0.2056525917943171 0.9775919237846179 -0.044956001149663805 0.5318886861610922 -0.5903258348391772 0.16056165751235277 0.7910343626280172 1.2095221715014766
0.7755374218493988 -0.15450091893029222 0.6121038909865557 -1.0155938310589185 0.21881686732618505 0.9752710377891501 -0.031073806062778337 0.6051754248542838 -0.5921662654058756 0.15803755534481914 0.7901665933307296 2.188987230120351
0.7604099391238228 -0.2344040088355679 0.6056661498907773 -1.5752220917296615 0.25191282696299283 0.9660343522660049 0.057598245229445615 0.7535308924960644 -0.5985955663828595 0.10877679386621256 0.793631499515342 3.0112210340515353
0.6941770544082734 -0.2527684561161717 0.6739631478988289 -2.1961102222540436 0.24904356443372822 0.9628278644026552 0.10459353012477883 1.0098722285247892 -0.6753484435069023 0.09523975599751516 0.7313233681008265 3.5498302971812326
0.7031622582757913 -0.19091135144383606 0.6849202102627551 -2.2878526279213194 0.2148391276853001 0.9753017519302524 0.05128978355576845 1.1291955085644378 -0.6777956828955966 0.11108262047532877 0.7268106105970283 4.564464799204282
0.7004399401946164 -0.20531352457408011 0.6835424250235892 -2.206446228677063 0.22400692538150502 0.972575959600661 0.06258514350846864 1.0481433460632983 -0.6776465063447802 0.10928110282120587 0.72722269835649 3.5675178022876164
0.6936882799863393 -0.2433014772512318 0.6779387593116066 -2.0197280711855377 0.2435115986799309 0.9650190570798339 0.09716131319146572 0.9078584760165036 -0.6778633132999143 0.09768628685805335 0.7286691415463871 2.581811225883129
0.6872624644385839 -0.2864135420689526 0.6675609244805439 -1.829941110216283 0.2659644608125684 0.954389201205437 0.135661926151463 0.7614045980489833 -0.6759683502638888 0.08431213164166497 0.7320916977398089 1.5915133417360274
0.6918329323987662 -0.28502371415445904 0.6634219441789059 -2.0510993208380386 0.2634078547846992 0.9550999443566716 0.13564806790958348 0.8421097634805663 -0.6722971781037359 0.08090475053714298 0.7358470803463698 0.6049546547219543
0.6895286118435368 -0.3409879121703406 0.6389659906464785 -2.1143766004863433 0.30182162495513704 0.9372638854928061 0.17447095936105267 0.7975121185736113 -0.6583722352579623 0.0725510351727493 0.7491877916362476 -0.4373383342798052
0.6838670042082214 -0.3381018998403041 0.6465392686292516 -2.2328234259039745 0.3024936667546225 0.9377870875871388 0.17044928843551327 0.813574032329845 -0.6639454059850217 0.0790093898166937 0.743595329592769 0.5789079314999698
0.6690145637187032 -0.3357997712423876 0.6630671362432555 -2.422362169611051 0.30543190790232405 0.9375225411219771 0.16662183087259078 0.8421353165243779 -0.6775919591962548 0.09104942900286685 0.7297801986288974 1.611155426695346
0.6678627863813905 -0.3384364073982832 0.6628876954011343 -2.2767844936197124 0.3034226192555833 0.9370711454536579 0.17272053289127906 1.0185055567898122 -0.6796278486723202 0.08578150444885828 0.72852420742452 2.5809666971841514
0.6667522332850139 -0.3389342021958325 0.663750755925234 -2.197573091298901 0.3041316673588006 0.9368149260981784 0.17286330770067276 1.0587485282332012 -0.6804009026441706 0.0866106276477447 0.7277040681894409 3.5805830181106124
0.661890308131291 -0.37318345362600996 0.6501040916204318 -2.178961246315694 0.3161223716433492 0.925337820913242 0.20932406296007627 0.8262254494790539 -0.6796821802493049 0.06696287872615454 0.7304437738281152 2.5688434917481358
0.5551496132939125 -0.3517928475624642 0.7536913819750833 -2.7314932523691624 0.3543272715810436 0.9198414061573871 0.1683566812821255 0.8771757432298861 -0.7525032169190723 0.1735902644801561 0.6352994007585379 3.062483007834469
0.5555839281661883 -0.34465505876080793 0.7566633262118696 -2.523292793869336 0.34749961668238527 0.9230009324364464 0.16526734440609472 0.9338734747343246 -0.7553611819315471 0.17112033541350744 0.6325719845511226 4.047565301455459
0.5528697140978569 -0.34104353590881564 0.7602791499496515 -2.309878602516463 0.34234161498077104 0.9248129711476539 0.16590113637164342 0.9733304298432043 -0.7596955297260295 0.16855347819566793 0.6280544778141712 5.037218931261398
0.5527067211971203 -0.34443896354327036 0.7588656539445998 -2.6360088120405942 0.3437535200985303 0.923744299104428 0.16890822150486037 1.0176154743804509 -0.7591763943665526 0.16750603053413754 0.6289617889596303 4.086041610983928
0.5615661551434614 -0.3159281624019175 0.7647436495968678 -1.979814569066888 0.31081290537197787 0.9370955967988819 0.15889361319566633 1.1683370887616193 -0.766836873951443 0.14846292015682627 0.624435721341187 4.853596090197862
0.42330492936483644 -0.2184494632892682 0.8792569412657829 -1.7043942379254473 0.37165075549660426 0.9269501173531041 0.05137310461581509 0.7874890606371205 -0.8262497520206801 0.3050300180764086 0.4735694620201682 5.868010813264019
0.4216098261692426 -0.23242831987667853 0.8764828752444876 -2.091107952191374 0.37979955961887646 0.9229842958135782 0.0620667720670098 0.8816639868400704 -0.8234060049519006 0.306719849049282 0.4774154220470226 4.936523165243972
0.46367120252726174 -0.24128696473623032 0.8525195696259987 -1.8239228008440684 0.3651652323271349 0.9287231141296635 0.06424741536253863 0.8842189851684709 -0.8072566934045161 0.28152083036548714 0.5187317736787808 3.9529180652400324
0.4656107380152619 -0.29133037497855396 0.8356633612045791 -2.2440931760290326 0.44326686235156465 0.894051069179302 0.0647083799854682 0.3110931076681508 -0.7659772381643484 0.3402929595425081 0.5454168793683579 3.0166244652353953
0.5254791669928434 -0.2709841257161026 0.8064981392826542 -2.7638189714202386 0.3969691143202353 0.9165070072543052 0.04929937047835994 0.6482875182154346 -0.752520542797548 0.2942490599197108 0.5891776670954615 1.9569382648949185
0.5018467745614091 -0.26638804937642674 0.8229138606268153 -2.3515750841535925 0.3568760870483965 0.9304081119770184 0.08354761313396245 0.9656473129802996 -0.7879018170783318 0.25175017838480135 0.5619898347193523 2.905901268988059
0.5119873947054958 -0.22179699938147718 0.8298644459958797 -2.516543594919549 0.3440700173810079 0.9381557850789448 0.03846486789706703 0.9056180923751653 -0.7870735231235474 0.2658379468553698 0.5566376336626991 3.900521909020622
0.5197437582839262 -0.11489223683622449 0.8465613974424209 -2.3559207577026733 0.2993147186672382 0.9525978182537013 -0.05448023354794073 1.1571342685904624 -0.8001731843257768 0.28170404784641256 0.5294957077379324 4.985521683884087
0.00770180425855199 0.09827164971225541 0.9951298232260906 1.7974887580568257 -0.1858343089873324 0.9779643768359768 -0.09513825331073267 3.5416442837675124 -0.982550910545792 -0.18419652684740764 0.025794334319553507 4.470485106621537
-0.005955052009063447 0.08807511597097703 0.996096035180477 2.5478554254041423 -0.18903947961552173 0.9780534616731025 -0.08760993811178212 3.6762531617246306 -0.981951430826526 -0.18882319787556845 0.010825314858326029 5.128324612845438
0.018807198271900666 0.09872341676658303 0.994937172023988 1.6640794473653713 -0.19699141832769765 0.9759730647114022 -0.09311797926862438 3.7732356368141824 -0.9802248060513482 -0.19424279636517036 0.03780298482707098 4.5290662495659495
0.07251641967316533 0.05931576245307829 0.9956018326632355 0.7503859746009892 -0.168586214786446 0.9845951025680758 -0.04638073072877674 3.9097735352268392 -0.9830157969543334 -0.16448137986886788 0.08139913153510929 3.8635940137471585
0.04938412162870468 0.11713860294805993 0.9918869674667249 1.5120246370732533 -0.2057767966124692 0.9729860912364439 -0.10466124514993168 3.8413912311482257 -0.9773520954634883 -0.19893871910666341 0.0721544699469733 4.586724250919975
0.1174106952257192 0.13487341624706375 0.9838820509778886 2.194497749985524 -0.13992137967999627 0.9830980746957727 -0.11806855228175363 3.4470919627684085 -0.9831768590416782 -0.12380362320751596 0.1342979029085433 4.845579769433745
0.20335526764931477 0.13575438716414026 0.9696480709437629 0.746653651634735 -0.035143625872949724 0.9907151132034396 -0.13133350688531598 2.9319385661013584 -0.9784740981138835 -0.007369588589688828 0.20623803840281757 5.198023550749394
0.14638256244100883 0.31333203093468776 0.9382937619975651 1.9566588971744263 -0.14771013359256416 0.9448007193713105 -0.292460795850519 3.088944932389587 -0.9781379564495344 -0.09578433622359478 0.18458466644587607 5.800060616592853
0.20943815149087877 0.327451432016229 0.9213637828624479 2.583156868269402 -0.11258892897061154 0.9440700255135265 -0.30992824976135674 2.894238954723938 -0.9713183792008333 -0.038824561779972885 0.2345916870421027 5.875334741914769
0.16313056528417774 0.3331756267606187 0.9286454761655433 3.561761346150462 -0.12717596003412562 0.9405025358994473 -0.31508928124597424 2.8998467888572943 -0.9783734940499268 -0.06670068739806038 0.19579664052573562 6.437331755107006
0.19575232557326755 0.3353906609715263 0.921517298571077 2.3604873725916473 -0.12927868840677326 0.9403218193902951 -0.3147727699505581 2.920255415547739 -0.9720946701615442 -0.05751504595846153 0.22742904768721892 6.3709881512238
0.26180390714254187 0.2721212356164046 0.9259636857520366 2.7677663890738704 -0.010666477298544239 -0.9585530524540903 0.2847143689612146 -2.239299550221256 0.9650621433187286 -0.08441610484701924 -0.24805035935373893 -6.828690755313821
0.2155074121077749 0.2775700567433695 0.9362218855197139 2.097368992026702 -0.01391310388201243 -0.9577802918917188 0.2871643048921287 -2.1684027159389783 0.9764030831920686 -0.07491178854687978 -0.20254689103940934 -6.7645940663513375
0.1485785003178751 0.28173192066439195 0.9479195926459374 3.550000995959427 -0.008846542563581528 -0.9581419806863207 0.2861567464365691 -2.195780059011755 0.9888610458137997 -0.05090255126458311 -0.1398669451542971 -6.658477670180903
0.0724259120317988 0.27639485515422463 0.9583112079646322 4.9972717406551155 -0.04577357906101122 -0.9589010007518579 0.28002437432664395 -1.952764584610509 0.9963228727306762 -0.06414635454456377 -0.05679769777320128 -6.692199453319523
0.033686751661912775 0.2796184336657003 0.9595200541504095 6.255396164542201 -0.06876551105680273 -0.9571412778708622 0.2813394367749176 -1.78017013813804 0.9970639434116377 -0.07545929863224364 -0.013014876041078993 -6.538310976163267
-0.14537322940406916 0.2641221413615404 0.9534705651540708 6.2938933870861264 -0.03221618377812244 -0.9644607931870959 0.2622546394397831 -2.157052576587727 0.9888522344998806 0.007407620907525801 0.14871578758519072 -5.4820973603986785
-0.19436291228683827 0.2584774543969719 0.9462623652538644 7.538392786738707 -0.05387882152042488 -0.9660155242068408 0.25280640732179144 -2.0486636751570355 0.9794488914276996 -0.0018473115171735955 0.20168405123164435 -5.339327496897944
-0.3095954408384568 0.23941975020232617 0.9202330390858047 8.833731000957819 -0.05614781430762129 -0.9706960936438133 0.23365897528902435 -2.1356667519322614 0.9492091897787966 0.020670679662137918 0.31396598070775916 -5.084089656070093
-0.3712943019700101 0.3085884054850437 0.8757361116939282 10.30589417879994 0.13250517376455712 0.9511140610773773 -0.27897028828626547 1.1734137620613352 -0.919011926065287 0.012459487192282232 -0.39403279169210753 4.5183747625540915
-0.28805443888292354 0.3612132547340997 0.8868763300732752 10.615011786322242 0.18667280587341661 0.9295450886990938 -0.31796099072486594 0.4352561953770733 -0.939243261241299 0.07396561822758901 -0.3351882807214763 4.596727232867951
-0.1837395731366898 0.3661009281945533 0.9122553807123481 11.016651792309197 0.21759340160306204 0.920180384995152 -0.3254553281926437 0.09687716146243727 -0.9585890051749794 0.13870172834272035 -0.24873469744365315 5.37271349779803
-0.1837395731366898 0.3661009281945532 0.912255380712348 11.009963448120706 0.217593401603062 0.9201803849951519 -0.3254553281926436 1.0968217252039425 -0.9585890051749792 0.13870172834272032 -0.24873469744365312 5.364581124477253
-0.1632753520030759 0.36731052474663084 0.915655032115602 11.887533304891203 0.27411712646217307 0.9084559396800213 -0.31554335144352136 0.7625422698083485 -0.9477346466223515 0.19947627445498764 -0.24901456889339768 5.465093146790603
-0.5344931055688102 0.21825786783817755 0.8165051274953162 12.311585570940524 0.12432988583650957 0.9758751226598127 -0.17947095715344635 3.4343665769969474 -0.8359779898940464 0.005590000038067205 -0.548734500749025 1.6696245309081819
-0.48408364189985176 0.22509801935132073 0.8455731247675095 13.205484881047276 0.1663521068294242 0.9723960853782809 -0.16362404986555276 3.2555238814729233 -0.8590634459679853 0.061455144822097164 -0.5081665681412975 2.359064905697159
-0.42660981012167337 0.2300116290261875 0.8746992171144718 12.112191767998468 0.15157116103278842 0.9716258079580515 -0.18157497749699553 3.154270302523687 -0.8916446899136024 0.055117509219673004 -0.4493682311048416 2.810028770816113
-0.39388313759430765 0.2163292988825325 0.893340757137978 10.968921338147116 0.22173668547088493 0.9655683369687985 -0.13605377230967294 2.9784526474534108 -0.8920139663902417 0.14449713176495213 -0.4282892278314391 3.3894792259067583
-0.29148129024233477 0.21482216001652243 0.9321427449723024 9.715989959417366 0.20043625923452293 0.9665411966543216 -0.16007317437378765 2.921572406293065 -0.9353416292578538 0.14017686947519176 -0.32478682522756136 3.9800103271184235
-0.2563386744587739 0.21004947725868542 0.9434880503112217 8.65983758689266 0.19208354497732483 0.9677046623380219 -0.16325317221480357 2.9543425781288164 -0.9473090286309235 0.13938042758079305 -0.28840717862378396 3.8830149559212868
-0.18560637025163557 0.19769678080255249 0.9625311725769292 7.409239255111658 0.19744984752521663 0.9670757181988483 -0.16055563827672883 2.9138733756047146 -0.9625818578356246 0.1602514840196058 -0.21853061303906993 4.176415090128409
-0.03524281671728515 0.16360890812131174 0.985895567011629 7.618411602052035 0.16745539644463286 0.973527873449582 -0.15557046576488334 3.1541598782815696 -0.9852495288359207 0.15961079161536484 -0.061707058984477633 4.937318127577602
0.11226193711119338 0.15101150653457757 0.9821368450323998 7.837749145152943 0.219006757963692 0.9603197986682168 -0.17269025523192097 2.7635854836959726 -0.9692436728925684 0.23448114887979693 0.07473482038337655 6.011255195831086
0.19226603740311696 0.10402437197640818 0.9758138659069227 6.261342580276661 0.2821949534508381 0.9465058569047493 -0.1565013453356972 2.456714066197304 -0.9398934934917804 0.3054596419822374 0.1526257776782843 6.506604276904746
0.18863948953927806 0.10283016058955265 0.9766478900092314 5.279686566012779 -0.2232408431962407 -0.9639761662027099 0.14461492634633163 -2.8757645724062013 0.9563360648409079 -0.24530778435722228 -0.15888808016449457 -6.401385742868451
0.06150445528446574 0.13753191993771516 0.9885859461768632 7.024699916628477 -0.23065813282697267 -0.9616918193753904 0.1481407111742904 -2.7745351789216555 0.9710890936165112 -0.23713670223036945 -0.027425475645270068 -6.018978455140117
0.21194475281353073 0.17576155350186984 0.9613466066229269 7.149198604561375 -0.31688692333243607 -0.918185957308115 0.23773351808923002 -1.4726390206621565 0.9244793667658114 -0.35502454015572954 -0.13890815782918767 -6.588899019302766
0.2899133993813955 0.09599356376016774 0.9522265783812917 5.9101479418352705 -0.35330266049741577 -0.9139458157053246 0.19970046579859554 -1.6764234488943783 0.8894534563115558 -0.39432002443617953 -0.23105035681443822 -6.439552259543003
0.16266305976919554 0.15499326592402826 0.9744320481720227 7.761048938600581 -0.2803231386239379 -0.9396297070899259 0.19625226497068418 -2.0989150494192375 0.9460230794957113 -0.30507884402609986 -0.10939484443588322 -5.52312454364241
-0.17710814931973762 0.20402410988184322 0.9628119577734048 10.052056386088351 -0.5293207001280622 -0.8444902394087229 0.08158328235205631 -1.718226239009538 0.829730257288763 -0.4951872354274871 0.2575602881059224 -3.2875871857013514
-0.3468804733006081 0.29817640676933055 0.8892495531001828 11.499431885465278 -0.5436764024732315 -0.8365021811036389 0.06841104006386174 -1.6937204141228623 0.7642577488233353 -0.45973354397409777 0.4522777486329652 -1.288248985491274
-0.4414290842810134 0.41738837013188973 0.7943093301916255 10.862027454570965 -0.621398855837749 -0.7807974487598984 0.06495233616714735 -1.121004484977846 0.6473050482688699 -0.46491105868614946 0.6040313584549721 -0.04135685911671538
-0.44142908428101335 0.4173883701318896 0.7943093301916253 10.227431732825 -0.6213988558377491 -0.7807974487598986 0.06495233616714724 -1.3013266451347811 0.6473050482688699 -0.4649110586861494 0.6040313584549722 0.7101564065666377
-0.03535704532899568 0.26255667738514243 0.9642685676231877 10.49170501674367 -0.9307389988121537 -0.36005604725287954 0.0639105541110651 1.489887742660416 0.36397087168584613 -0.895222672856929 0.25710225702459444 -3.143860946492283
0.0187260556890227 0.30493222477354254 0.9521899354293689 9.93765425452614 -0.9427064275051542 -0.31189841167869214 0.11842285392938356 2.283719143823631 0.33309747278957635 -0.8998531652925184 0.28162094122105463 -3.714869476742788
0.1495708659867897 0.4514676724426774 0.8796621492295483 10.713497485526151 0.968296125567034 0.11314665470152949 -0.22271157972078118 -4.490088922616235 -0.2000779079754539 0.8850846147510654 -0.420230954917798 2.007533647505852
0.05573096986054009 0.4399323182450194 0.8962999578053996 10.522823390114732 0.9618412318895666 0.21718610524827284 -0.16640805366402378 -3.1383684508998284 -0.26787217779300193 0.8713723377814138 -0.41104105064310503 3.028230179537315
0.01983684401361887 0.42863486075697455 0.9032600155898763 10.451271497630415 0.9649314208675762 0.2283149313609469 -0.12953626959322329 -2.633934759170747 -0.2617515093405598 0.8741535610300357 -0.40907419754421814 2.06645545804664
0.02862531123003028 0.42462215079257387 0.9049180187250488 10.109345069613754 0.9627913945406413 0.23166157812867355 -0.1391604966124388 -2.6734631472705668 -0.268725365671854 0.8752307937197011 -0.4021911679404576 1.2032043433410087
-0.1448913093480161 0.3448095476450332 0.9274227107032916 10.51318545622713 0.9447303277052762 0.3268086900101603 0.026089998998166476 -0.6896661143891096 -0.2940937204179978 0.8799445755197698 -0.3731037759444846 0.5623702120638718
-0.1726541303788971 0.3289395504134284 0.9284338013218364 10.549298108177663 0.9395989214657003 0.3378228941336317 0.05504142966592913 -0.32701859108204906 -0.2955408906456093 0.8818585285480807 -0.3673977648045964 -0.3716684696773429
-0.21859427099832765 0.3155937871732159 0.9233726800075758 10.066259609122751 0.923725591505843 0.37195378654685235 0.09155005336229216 0.3292719539573037 -0.3145593366662177 0.8729552921949225 -0.37282902454742706 0.4457729390730862
-0.239204952323383 0.3157299992132566 0.9182023515439075 9.637364315505977 0.9181175006057085 0.38128746874719105 0.10807460968185961 0.6718629204197086 -0.31597665398806907 0.8688696299060947 -0.3810830885270952 1.2518984775593425
-0.21531411542138368 0.3206894089382296 0.9223871934795893 9.640132526766179 0.9228230405596839 0.37578224182443376 0.08476639983851463 0.5351351855055706 -0.31943304073387335 0.8694515568588335 -0.37685079642115965 0.3018378783477198
-0.2812179010155163 0.30625220802960373 0.9094647201653383 9.491236575724196 0.9072920906598512 0.3935919021938958 0.1480083671738423 0.9235594632580755 -0.31263005993426946 0.8667727496895484 -0.38854529468404886 1.1389955906389235
-0.3437569351950795 0.27353466309581975 0.8983373295095445 9.406579068325987 0.8834104153968432 0.4186194794380617 0.21057960348377108 1.765452135612587 -0.31846068434527974 0.8659887525366944 -0.3855467196155038 0.1866635528121866
-0.20577476133905948 0.30323395990260255 0.9304331857568475 10.054540524368257 0.9446048458231092 0.30997091533666077 0.10788751963435415 0.2762579522726782 -0.2556920664458604 0.901092224584774 -0.3502204590675827 -0.3486350163857248
-0.2711705152646341 0.2206108050689428 0.9369084396769743 9.211376518182844 0.8410781035206445 0.5276167720158463 0.11919801032606991 1.6680519774536713 -0.46803223759611895 0.8203361594946357 -0.3286250294733515 0.3715835009235513
-0.2583367326825755 0.23350549392110526 0.937409897993161 9.133168951128628 0.8487366163740361 0.5183301739952356 0.10478543196465799 1.6548366135393138 -0.4614198614850085 0.8226840311047288 -0.3320883864160697 1.3230994578690094
-0.13633040362417734 0.2923629377222552 0.9465399799765867 9.462846477167073 0.8886849335052657 0.4583176467422549 -0.013565531518636173 0.2771233518708688 -0.43778203481688377 0.8393264247782573 -0.32230116763756406 0.46039608818157784
-0.11629908188052657 0.3028270706485222 0.9459229825076544 9.272941057284564 0.8914332172318542 0.451795499180226 -0.03503778155300405 -0.0013201256843981268 -0.4379741348178141 0.8391523057246059 -0.32249351160552764 1.437274771217612
-0.10446131142143104 0.3038492915746923 0.9469759460649809 9.513918098744085 0.8973080765219175 0.43940161693993124 -0.04200517633710249 0.10097779036757082 -0.42886600497667343 0.8453412488694307 -0.31854689252168034 0.5359743117915075
-0.10772098702834408 0.2307157796965538 0.9670400291366661 8.519024055504337 0.935210672886336 0.35353614748993656 0.019829012518559036 0.45995054835465077 -0.33730874028570146 0.9065221571572216 -0.2538511223333278 0.8686783528498778
-0.09515012841268297 0.23846591247162377 0.9664783813682123 8.272909320307903 0.9383949496247298 0.3454908677055615 0.007139947539038556 0.44724858696720526 -0.33220682049267436 0.9076177989226145 -0.25664870834862175 1.8056634009754333
-0.08860293231228447 0.24269942051796864 0.9660468475523848 8.091698738001726 0.9405695651218908 0.33959975412025983 0.0009487717731058508 0.412880577482805 -0.32783900553790585 0.9087183272509135 -0.2583652224395102 2.77421863240771
-0.027822225562890036 0.24236951263587486 0.969784998393649 8.545523242153255 0.9509624352010898 0.30539372130688675 -0.049042041380292695 -0.25911244562475183 -0.30805254519503994 0.9208646449565628 -0.23898103495440692 2.092291218761334
0.11575775203319619 0.3836405210218214 0.9161987194240768 9.038628457640739 0.9095536950039268 0.32971641048985406 -0.25298056162162336 -1.8296574584872172 -0.39913934753282143 0.8626163917314509 -0.3107744229618728 2.2525663471553394
0.09373707790570078 0.29395231983224546 0.9512125913227467 8.044811787821759 0.950362572808874 0.25829733203986116 -0.1734746911373225 -1.3896831855851586 -0.2966889624333873 0.9202578562154888 -0.2551492458226587 2.388889376939176
0.12065793198038262 0.25353745531169986 0.9597710259245578 8.744121247545024 0.9524188221874306 0.24303558077627496 -0.1839350255385003 -1.6947058520644762 -0.27989292701554047 0.9362972098809241 -0.21214967399425524 2.2322627109276243
0.12946549652775938 0.2598000888776953 0.9569444074908194 8.759165009809081 0.9518100502631347 0.23802711329903165 -0.19339266157903176 -1.8039099723942749 -0.27802214556921884 0.9358669815490173 -0.21646403724272195 3.192487519235347
0.03545996168179772 0.23234192295216935 0.9719875626552054 8.415252159491066 0.9432138662445343 0.3136592871774078 -0.10938671807583145 -0.6681589675217585 -0.33028804647090393 0.9206709957450844 -0.2080257771339586 4.142375966218758
0.007339942417632587 0.17560087640162522 0.9844340797901502 7.639854024222411 0.9515295678481669 0.30147345075765425 -0.06087068258986243 -0.13631973296641514 -0.30746968428771837 0.9371649218228613 -0.16487662826719568 3.7557689104491727
0.05047805790844064 0.19165032449078087 0.9801643325444785 7.970247757369268 0.95661662726732 0.272692211175476 -0.10258453294688201 -0.7151782161827086 -0.28694353818389434 0.9428197659610262 -0.16957091380216582 2.7946692401817574
0.046191801391954716 0.09530671726621268 0.9943756569466581 6.860661803554228 0.9673910415290277 0.2439008263174355 -0.0683151497916678 -0.3571059841447984 -0.2490399370654267 0.9651057022759769 -0.08093264595228954 3.0029936641272563
0.05722874981245754 0.09853789013631742 0.9934863634707725 6.826573291865339 0.9671486753156219 0.24140927569533197 -0.07965551734497713 -0.46845345780869563 -0.24768591003555993 0.9654076060482094 -0.08148523887256504 3.9984709549304247
-0.01766893045748089 0.0671449188153178 0.9975867725535291 6.331670579882458 0.9561734497139759 0.29278772817596316 -0.002771333909266365 0.39737330562267076 -0.2922672457846874 0.9538170191954215 -0.06937543466235668 4.950611699854854
-0.03193961268791675 0.048626303948145586 0.9983062374370314 6.0028836714343985 0.9562102439675997 0.29222312309765425 0.016358962634596765 0.5490470828902491 -0.2909326906223733 0.9551131497845641 -0.05583046333169559 4.069980567396335
-0.11784451830714388 0.005016964303127583 0.9930193852962452 5.311879661954699 0.9241428263655042 0.36651752877593613 0.1078190037848662 1.6204455323723834 -0.363418087032194 0.9303976199287902 -0.04782847320059596 4.88684477769195
-0.165245037360572 0.01767638944424832 0.9860941247588453 4.635124042083027 0.9030832262202124 0.4045750992993558 0.14408218330734407 2.2047554790478197 -0.3964022756587055 0.9143339293076287 -0.08281727820611957 5.28907198949968
-0.15207179402061866 0.026595837533895418 0.988011554026174 4.473424343752246 0.9074189458157584 0.39996935582533244 0.12890062519355386 2.157956765504476 -0.3917461247261717 0.9161425521317824 -0.08495762435172788 6.262227975349669
-0.09829867038660407 -0.06520576020909767 0.9930184188804227 4.7709409292938885 0.9282126330064758 0.35379346503698933 0.11511512508922941 1.5496926873550936 -0.35882959650426866 0.933047904950582 0.025747383166265514 6.603306265687583
-0.05596177543010116 -0.09456599086912651 0.9939444416372809 5.097883555896316 0.932166842931752 0.3516799109544196 0.08594310425941615 1.2089006410945462 -0.3576775875413026 0.9313315809109171 0.06847064895707226 6.0044046653574075
-0.04882021269527958 -0.07328757869626483 0.9961152130357316 5.203238268399082 0.9333818638367718 0.3516660805066206 0.07161888076274238 1.041353392081899 -0.3555487070613337 0.9332523231312881 0.051236883951550204 6.912241781356898
-0.035133866303113215 -0.11065399094274411 0.9932377891154933 4.251636125825566 0.9331071185388722 0.3522652175258289 0.07225179481207439 1.1954427471831537 -0.35787807528637766 0.9293357363245643 0.0908755875876156 6.386782923193643
-0.054315717170525336 -0.1300102496084158 0.9900238067162852 3.992232849339323 0.931681310954779 0.35006339076654575 0.0970853092008036 1.3428329066335702 -0.3591931760012155 0.9276599363138319 0.1021141756680908 5.446397961413657
-0.061061069090934596 -0.0372735586955564 0.9974378314780508 5.45091587171604 0.823796683918114 0.5623650489658072 0.07144631038202888 2.1312082526670064 -0.5635872331831115 0.8260485660806213 -0.0036327770580058803 4.794125992634454
-0.14722932000018116 -0.042335658794477295 0.9881959417679862 5.08533488616255 0.7982354554867607 0.584883378642056 0.14398469013092036 2.738322157491495 -0.5840750678946429 0.8100118057057486 -0.05231815823574097 5.384573764431762
-0.14092663620871915 -0.028819676526459385 0.9896004797148197 5.1583323003035035 0.8006866134338502 0.5845744843224228 0.1310481565952199 2.631694103649789 -0.5822719555969793 0.8108280326456897 -0.05930658649078011 6.349694536242715
-0.07219604072872841 0.09918512893400794 0.9924464932183669 6.48461630824681 0.7553905514598465 0.6551902521557265 -0.010528449330502097 2.3819107230000074 -0.651285533747133 0.7489245914499372 -0.12222565137178085 6.552603628919596
-0.00018795415176529903 0.010266577622719347 0.9999472796388559 4.774433134902484 0.736445848054223 0.6764622525248198 -0.006806893031556976 2.9051552302650068 -0.6764964726862486 0.7364057429793437 -0.007687922352856792 6.884591716964756
0.028896085108319276 0.0666278501030802 0.9973593865082175 5.48934332898501 0.7207649496455951 0.6899365823522001 -0.06697312665949483 2.6338622089679005 -0.6925770019483746 0.7207969491630795 -0.028086552821552663 7.626320964079365
-0.040814054796602176 0.013661393828081968 0.9990733602942923 5.184240633077852 0.7142062551050915 0.6996605557246299 0.01960948576231731 3.0767288477327805 -0.6987443295654172 0.7143447858574823 -0.03831303718584015 8.531545858884721
0.4495858303284814 0.6866392143112979 0.5713135483583476 5.889485536388294 -0.16502498717632524 -0.5647392157028762 0.8086014913755448 -0.5174608842280408 0.8778606579493733 -0.45781678389641844 -0.14058612167434664 -7.687483115727957
0.42040179237688985 0.6319348883862088 0.651091875088762 6.337977732185137 -0.24597976478811015 -0.6113342729929068 0.7521730930969426 -0.8156444343007543 0.8733591977423076 -0.47637034280540597 -0.1015628289009982 -8.555617423627988
0.409354681594008 0.6572920756284919 0.6327684189125189 6.521523421511541 -0.23278453950011882 -0.5953432267059985 0.7690109235797693 -0.6176115751262948 0.8821791784137669 -0.46209692677107833 -0.09069910386512525 -9.425031780984288
-0.9736278315931026 0.18017452661007788 0.13994993929312555 6.974295740840842 0.07433847263393452 0.8305011271956841 -0.5520341196096067 4.407193740103394 -0.21569106850718106 -0.527072118108641 -0.8219929107228922 -6.51548037198942
-0.9736066719884122 0.17441898757561752 0.14720076437555288 7.024710169964721 0.06525257592977728 0.8307639271329442 -0.552786937896672 4.449954471402692 -0.2187056231425695 -0.5285918218699017 -0.8202185905342975 -7.503529451122232
-0.9735001409182339 0.17323128112279873 0.14929299673037125 7.211699498963797 0.0630375420992848 0.83081006195184 -0.552974600904655 4.4147450335155725 -0.21982662240561798 -0.5289097883383616 -0.8197137865630896 -8.479542999605043
-0.9931397269983228 0.07090924713717538 0.09298043519009018 5.069510581600062 -0.02250562330885611 0.6643779206541949 -0.7470578795961466 2.3771703083179547 -0.11474746000317196 -0.7440254412435403 -0.6582242499370307 -9.91748169852525
-0.9941292303920658 0.08678316667951488 0.06462008403862007 4.895435382246091 0.010063816281564096 0.6688073056392595 -0.7433676799036983 2.4821070226875133 -0.10773018556529933 -0.7383532148671305 -0.6657542618815369 -8.962941284663822
-0.9945706919665311 0.06407455113683469 0.08199750348536444 4.670622990433075 -0.018152344391575002 0.66905669425553 -0.7429896582489921 2.631916671167239 -0.10246770747073901 -0.7404441854511875 -0.6642610760515847 -8.00121914137477
-0.9929574273530071 0.0680141033876569 0.09700324326987485 4.782481465931948 -0.027158495218373657 0.6663047073289659 -0.7451848449403256 2.6780485781736765 -0.11531679670358123 -0.7425712886529016 -0.659765047320926 -8.950286234035325
-0.9836951879587592 0.04254298805000261 0.1747394384635657 4.940647946707271 -0.10328994601418623 0.6617426936406264 -0.7425818436143165 3.0577783851622744 -0.14722419719316376 -0.7485230133943928 -0.6465588404621779 -9.813593727335578
0.9836951879684781 -0.042542988112268434 -0.17473943839369344 -4.940647946947942 -0.10328994589994299 0.6617426937468687 -0.7425818435355307 2.0577783861427736 0.14722419720837654 0.7485230132969288 0.6465588405715482 9.81359372695886
0.943904711119201 0.0449497114234119 -0.3271443408801881 -4.422132318843609 -0.29019125845003224 0.5856837702015598 -0.7568114394231075 1.8266855181498975 0.1575846751628077 0.8092923110751985 0.5658736832442266 8.984271613412307
0.9404775204994605 0.10881505049684616 -0.3219647779191987 -3.312254418613726 -0.3219636527918248 0.5886029424953807 -0.7415429740525682 1.6213921783708096 0.10881837949600084 0.8010654535499244 0.5886023270534266 9.919565308104183
