1 0 0 0 0 1 0 0 0 0 1 0
0.9984438068977018 0.01029740981788232 -0.054808099936665244 -0.4485931879676731 -0.010339372256369975 0.9999464310367191 -0.0004821185244333737 0.042517080888247544 0.05480019935154508 0.0010480496028207082 0.9984967900514553 -0.8927241732706366
0.9998221040346881 -0.017769183128783398 -0.006325852874081182 -0.9925526818081513 0.01798626963788344 0.9991864246287138 0.036096855018130626 -0.10105742254136363 0.005679294688789848 -0.03620421202874515 0.9993282747141773 -0.06598695321474102
0.9998333837122203 0.017945830474955137 -0.00333945850930933 -0.8379261995595788 -0.017767440289124543 0.9987173583975167 0.04741261542097048 -0.10784767570295288 0.004186033939614268 -0.047345382077333 0.9988698072901223 0.9219627132407073
0.9999668231389677 0.008010347151482107 -0.0014788373379957622 -0.8663474978649452 -0.007914679852967562 0.9983908477566803 0.05615223021858039 -0.09435564783380622 0.001926256520956348 -0.05613866273975698 0.9984211236154841 1.9214676882091233
0.9999147434142078 0.012946656374384838 0.0016999975355902065 -1.005045129884166 -0.013022263127114868 0.9983043277009763 0.056735262020620625 -0.10513174305545987 -0.0009625829551693734 -0.056752562781110634 0.9983878104483392 2.9117438328496137
0.9998105978263531 -0.0069065324058861085 0.01819528192239861 -1.3012168725239004 0.005615443583033532 0.9975258045755905 0.070076643749433 -0.1749794085609724 -0.01863424985007168 -0.06996119650167232 0.9973756542630151 3.86432118009506
0.99991690700512 0.01276889252468764 0.001770443166392305 -2.005201761474595 -0.01288114012301413 0.9950638949517386 0.09839675397392642 0.061326446232902926 -0.0005052864966700092 -0.098411383219459 0.9951456900064374 3.194571361790335
0.9995800529156227 0.024260321595719524 0.01584785819193458 -2.318753898787517 -0.025506260086248584 0.9961534824892548 0.08383119956759232 0.2826200138859677 -0.01375312726662701 -0.08420021449260821 0.9963539408110883 4.117996623574891
0.9995542624402252 0.02469670527284063 0.016773466732999676 -2.4030031722613696 -0.0261887496016488 0.9950855870244526 0.09549253316621889 0.15570038605075784 -0.014332684043079224 -0.09588924467773147 0.9952888158335018 5.106325247054601
0.9994798482493037 0.010213025373399727 0.03058965603386774 -2.773912322759225 -0.013209191828304295 0.9949593407924172 0.09940536917672034 0.30820183912432053 -0.029420234444869974 -0.0997577279344283 0.9945767167607376 6.0223873131218575
0.999367987791965 0.01070684734187524 0.033896731356223064 -2.6662880911386564 -0.012048979157013624 0.9991413261671709 0.03964129723129161 -0.17337080454804232 -0.03344319180209977 -0.04002466445710171 0.9986388632319411 5.152614461375787
0.9994089046092516 0.00908839316400994 0.033154826155952194 -2.7511960643636355 -0.010581504070807699 0.9989245991947988 0.04514063463343766 -0.18938733822092602 -0.03270891559398655 -0.045464780140309226 0.9984303083377714 6.1488745211653635
0.9994540315202914 0.015908474817253562 0.028957888507693066 -3.311366846113118 -0.017475300766386925 0.9983507995940553 0.05468358815069177 -0.835641940713052 -0.02804019866119868 -0.05515978044643805 0.9980837369079508 5.630643217564438
0.9990055888542683 0.03071093391432536 0.03232138573833482 -3.230199046275399 -0.03242805183400438 0.9980133550837009 0.05401633575897093 -0.7885699330794721 -0.030598282503882555 -0.055010740884712854 0.9980168152366605 6.626231493091448
0.9996721039278469 0.022993130141784765 0.011269454057509983 -3.5464870021682207 -0.023553153611277036 0.9983496477614492 0.052375851015086836 -0.8346035999837659 -0.010046570730102547 -0.05262410836179764 0.9985638535595457 5.678685805291391
0.9963974526266494 0.07764698180425675 0.03410370384303364 -3.899952582776443 -0.0785033428900344 0.9966119729938678 0.02453162123382654 -0.7430318270332337 -0.03208335322583244 -0.027120499662798996 0.9991171787852641 6.609640526920744
0.9966843631915059 0.0760955049077954 0.02880545612153962 -3.9558507287992173 -0.07679379121241896 0.9967589680252614 0.02396399992570323 -0.7542214275138569 -0.026888544043246008 -0.02609662418864938 0.9992977396177726 5.6112667541721315
0.99723246533789 0.07132329696601361 0.02098564714303216 -4.076764448283238 -0.07176631072580629 0.9971967124604441 0.021173410280096807 -0.7882486934871227 -0.019416660910696014 -0.02262087460688308 0.9995555458858189 4.619187111395947
0.9974907425907414 0.06939250512143504 0.014032058963053646 -4.106394249394946 -0.06969950440991952 0.9973092458418407 0.022721074873115192 -0.7973789661539447 -0.012417629837554156 -0.023642089403221662 0.9996433634441165 3.6196678704570298
0.997421118072585 0.07136850025813658 0.007592785637563615 -4.15327320560422 -0.07152553821074681 0.9971748432840161 0.02294404727069849 -0.827153728182715 -0.005933852584665105 -0.023427955361098436 0.9997079174944553 2.621211147804086
0.9974194816529057 0.07159993409492439 0.005275135718634389 -4.09233456350076 -0.07170658166254033 0.9971370126203364 0.023998837656505314 -0.8352444940616041 -0.0035417178770853898 -0.02431517016581555 0.9996980687859136 1.623102425566835
0.9974914928413458 0.06894704329501167 -0.016032059444033988 -4.6384759203137325 -0.06853906469456164 0.9973416457162537 0.02473940845670809 -0.7508190981206815 0.017695149616091088 -0.023578527114074353 0.9995653729192472 0.7896745817202889
0.9971283110626661 0.07489580633152146 -0.011213807170818064 -4.698538972091306 -0.07467550178588912 0.9970283521480552 0.018921798169253372 -0.6936901043963195 0.012597647015955265 -0.018030063973367587 0.9997580787784495 1.7862330134678734
0.997505324512208 0.06943330801346954 -0.01273355049070973 -4.65776387237354 -0.06921623334558824 0.9974608440425409 0.016762387759194093 -0.7061994686663535 0.013865086052446912 -0.01583920263925393 0.999778414974293 0.7871429739576377
0.9962597407089203 0.08631991103673961 0.003924538342592323 -4.876047631340564 -0.08635944632680354 0.9961991822687156 0.011368169477475184 -0.6721589365261231 -0.00292832250972659 -0.011664570534321477 0.9999276787455821 1.7624344394913185
0.9948635751019563 0.10121869522596585 0.0011147520377588266 -4.913988071944963 -0.10122424011795707 0.9947597027512942 0.014380090218694802 -0.666863206891514 0.0003466235634455074 -0.014419067893203859 0.9998959797564924 0.7631684697843638
0.9947050629882768 0.10264747091153711 -0.005033327026154768 -5.123525806261152 -0.10255509769384934 0.9945976102393824 0.016063799149434666 -0.6584909190178982 0.006655043387687029 -0.015462548999879437 0.9998582999485143 -0.21459624766733398
0.9947509773953347 0.09943287450413532 -0.024157740765010344 -5.348819257301159 -0.09886053150529928 0.9948158195498895 0.02383443902781215 -0.5926075792690982 0.026402429462346375 -0.02132108442659186 0.9994239956481729 -1.186657072133595
0.9951944095838969 0.09587148417250911 -0.019918475230730658 -5.504454363088124 -0.09530873167845232 0.9950676446964526 0.027506874487987987 -0.7068013516719045 0.022457355115898005 -0.025476283104364346 0.9994231467203389 -0.2054651968150637
0.993902338871908 0.10959035530132372 -0.01216942109873074 -5.706134217214863 -0.10920715192548554 0.9936065315542075 0.028633169945716807 -0.7782963274639741 0.01522953555668663 -0.027129586759592865 0.9995159062110922 0.7713734310431454
0.9919641083831034 0.12348681103715713 -0.027535707355848628 -5.916344787188498 -0.12256055416482484 0.9919083203693073 0.03311788859437693 -0.7873519163980705 0.031402519684323935 -0.02947696527820122 0.9990720646056832 -0.20624076309502026
0.991735004694713 0.12114272561227257 -0.04226251878918748 -5.996231502946948 -0.11969302782501436 0.9921830833632261 0.03530309020355758 -0.7849853706102278 0.04620886877274712 -0.02995278149137605 0.9984826344647524 -1.2030419027945902
0.9945552440011919 0.10292205390625998 -0.01633760843716354 -6.641152281787056 -0.10204457670358963 0.9936383970547096 0.04764074163918404 -0.6514712396366973 0.02113695803833301 -0.04571418508803963 0.9987309158560286 -0.4505452809744982
0.99336924824306 0.11410914654753608 -0.014022814240023121 -6.85760068401998 -0.11330766856473921 0.9923688533208574 0.0486356988545302 -0.6847257759519622 0.01946558217573656 -0.04672431522064973 0.9987181431603817 0.5251822552697502
0.9932513887966841 0.11489926287092858 -0.015806266009872554 -6.802031683702717 -0.1140453930940404 0.9923561196451707 0.047148490079794964 -0.7527616282486952 0.021102771559282398 -0.04502767143098066 0.9987628256187852 -0.47095187676568817
0.9937734611395082 0.10785907310037764 -0.027941515433654515 -6.998019355775693 -0.1064522514903345 0.9931723030339792 0.04771472140565321 -0.7307598565209974 0.0328972048575588 -0.04444318661064146 0.9984701182691703 -1.4513113794157402
0.993589599760782 0.10828220009920213 -0.032475719990244276 -6.920995188126397 -0.1065221494564613 0.9929623539158338 0.05175708049243494 -0.7090671089610818 0.03785153791305698 -0.047965913392760615 0.9981315205071997 -2.448104588813374
0.9851865633134775 0.16782170558826884 -0.03526060975115889 -7.214262478960555 -0.16467413198907732 0.9832146348343573 0.0785583356569153 -0.6159157377123431 0.04785254141864217 -0.07158810642128788 0.9962857407886513 -3.399586127342248
0.9837766819059929 0.17546187930422472 -0.03737069773317983 -7.173351936455067 -0.1717607051677692 0.9813672219886334 0.08611989181706543 -1.121185377262723 0.051785135881886886 -0.07830392402263578 0.9955836454986353 -4.261577379537149
0.9847490913344922 0.17216905808876082 -0.025040817732680302 -7.547697198877723 -0.17005885492432932 0.9829168583721998 0.0703877502805054 -0.8362465255661242 0.03673163456365918 -0.06505586033982104 0.9972053560113526 -3.3791514759647665
0.9847775305831954 0.17059857914820215 -0.03330675683820186 -7.582519801457427 -0.16798922585189796 0.9833220162459054 0.06969528222030083 -0.9107705295271296 0.04464118340886968 -0.06303917162132246 0.9970121501692716 -4.375762513021449
0.9848363494032668 0.16969185770141737 -0.036083768149806954 -7.472760486925149 -0.16686785778699179 0.9834511668608757 0.07056146567045303 -0.9544829155748513 0.04746033008341954 -0.0634702751673948 0.9968545737661783 -5.368759048856001
0.980586171662639 0.18949444815295582 -0.05042433998791741 -7.850789291644107 -0.1846905102569363 0.9789231856639048 0.08717116490367717 -0.9512240214803394 0.06588000732424502 -0.07616594179053428 0.9949163653021894 -6.294547146863335
0.9818145434232606 0.18225077621901462 -0.053149382782318934 -7.731467811358843 -0.17710749359020342 0.980135980670077 0.08925466436047957 -1.0017455117245793 0.06836035427622292 -0.07821837356704042 0.9945897385353208 -7.286116591413759
0.982184070058351 0.1792661271039948 -0.05637471238726428 -7.671051825018818 -0.17409309502460998 0.9809491298717554 0.08619976141844941 -1.092460996685492 0.07075342244983156 -0.07484958434741305 0.9946816037982489 -8.280159150554397
0.9834047063158237 0.17321135350066116 -0.05397231340564872 -7.885419406643316 -0.16831308644614104 0.9820660384449879 0.0849529344045327 -1.0557545859217117 0.06771918876405918 -0.0744588688568164 0.9949221016349481 -7.304096048415347
0.983415679894449 0.17259907786622333 -0.05570600378296579 -7.8418108186326 -0.1678122120697885 0.9824445638655412 0.08149687362893224 -1.151662040029479 0.06879434582858227 -0.07079715566868353 0.9951156217903742 -8.298530586883455
0.9830654157212637 0.1746773049245688 -0.05540963415389005 -7.86123141068868 -0.16991283971371474 0.9820875475254763 0.08144738114767869 -1.082689014754265 0.06864412074751834 -0.07065329532076844 0.9951362200960818 -7.301101109482382
0.9837750820563741 0.17061907498704665 -0.05545916674040113 -7.874757084724258 -0.16572235228997423 0.9826417134674625 0.08337484575821039 -1.0101462765917708 0.06872182969371794 -0.072831272158964 0.9949738267508625 -6.3038275225054825
0.9822203840040323 0.1775080037397173 -0.06110667602899106 -8.040279397255127 -0.17176898392997006 0.9811073970019456 0.08901512066908052 -1.0902321542999012 0.07575310823086204 -0.07693623435291623 0.9941540536742565 -7.2867764612841714
0.9841057108419609 0.16892693760876012 -0.05476896601512401 -8.264599838195268 -0.16364070405853284 0.9824244684596789 0.08979912998990562 -0.9549690501615691 0.06897586435461901 -0.07940940449243718 0.994452852886797 -6.321693960958275
0.9854754385935383 0.16053837564036968 -0.055367769285259584 -8.312812065760335 -0.1551180784885545 0.9836728306595403 0.09124770653701507 -0.9802568083005612 0.06911252892849609 -0.08133383163849647 0.9942878185797652 -7.320210916448525
0.9863602150213526 0.1569538528576231 -0.04958844922135415 -8.383762710395446 -0.151985443942707 0.9841171807562268 0.09172676474155941 -0.8943973792710682 0.06319771398214373 -0.08293890892436383 0.9945487350220034 -6.32643319257231
0.9870930804296293 0.15424074962403725 -0.04309340695931393 -8.401336275097345 -0.1497340550173763 0.9843155003874899 0.09328830829732898 -0.8502073227285382 0.056806367037496044 -0.08563169303675136 0.9947061122822461 -5.327564628282475
0.9878698995321921 0.15045473805493875 -0.03842438542224253 -8.449393013568324 -0.14644762217219753 0.9849642543536236 0.09164339368289579 -0.7745608414559003 0.05163482892743995 -0.08490459023179993 0.9950502776238014 -4.3315886447574705
0.9878867109535493 0.15016529740532106 -0.0391181514970894 -8.55641720026182 -0.14605822303082208 0.9849478194199994 0.09243802521076096 -0.7663460660325334 0.05241032156413175 -0.08560476899658825 0.9949497382876109 -5.325811125355923
0.9869636645383243 0.14730236144111508 -0.06484396035832626 -7.747674193790631 -0.1409347243033015 0.9855697889248912 0.09375283805889062 -0.8140318238920681 0.07771826276128868 -0.08339187893563954 0.9934815882345033 -5.912037035719246
0.9873172482592931 0.1477681614603735 -0.05804499761665501 -7.601611019534113 -0.14194631062660337 0.9853896377769488 0.09411964014650771 -0.6877989695372844 0.07110482535799899 -0.0846866708545944 0.9938673309805358 -4.930848564727279
0.9885297165230811 0.13691617965692093 -0.06374134685547524 -7.940299976240976 -0.13116964594174801 0.9875363070877452 0.0869860113294862 -0.6905402784804852 0.07485668663728008 -0.07762732722213125 0.9941682325109951 -5.871742966788474
0.9885696477193012 0.14010596463226638 -0.055680968764900175 -8.134337190311074 -0.13508524910811606 0.9871355398924694 0.08553011957549884 -0.6016446908379556 0.06694794307171201 -0.07703080264195653 0.9947784820565845 -4.894784864281717
0.9885544313171061 0.14161938530259602 -0.05200082720329426 -8.096953852797391 -0.1366286780592519 0.9865729377955932 0.0894787278695449 -0.47550392376023787 0.06397453130029644 -0.08134978866528604 0.9946303188768281 -3.9034771456809882
0.9927915253994268 0.10810125183824847 -0.05176008545280281 -8.452714254089107 -0.10238913204015214 0.9894424510502088 0.10256754701082565 -0.2743133485141587 0.062301306046836195 -0.09652852122952212 0.9933784736212578 -2.990812426682325
0.9766405552485172 0.2036407384447785 -0.06858334702777077 -7.869408489570409 -0.20092269515025837 0.9785953924479562 0.04450986916612239 -0.23280884127009882 0.07617937002510392 -0.029690192409199068 0.996651993454728 -3.8020039952761358
0.976118003618758 0.20608800398977886 -0.06871228145562212 -7.893781090946679 -0.20322983962766666 0.9780334919246934 0.046347825822811696 -0.23301109651975663 0.07675464348324225 -0.03127656127355932 0.9965593316098453 -4.801706918846417
0.9770020316073904 0.20360293849936564 -0.06334724673932482 -7.785189827593047 -0.20063583443156655 0.9783794555422786 0.050188673171761365 -0.42598878885571845 0.07219620611207656 -0.03632470794400699 0.99672876120628 -3.8265312691381452
0.9764802980237154 0.20986154064007775 -0.04944048272101248 -7.869268855668022 -0.2072758384977415 0.9768624921862236 0.052691537601180755 -0.4763214954694451 0.05935448042541517 -0.0412044308284014 0.9973862043027951 -2.8313441833683863
0.9743036301449078 0.22358990167733403 -0.027202796811582882 -8.229657308436272 -0.22278085281542254 0.9744111212670193 0.029860649188879682 -0.33771276634928316 0.03318324735893503 -0.023033076630563466 0.9991838416806224 -1.9088975543848985
0.972231589494797 0.23365035524622618 0.013162366114430085 -7.32465300687851 -0.23402033495467603 0.9708031607935911 0.052684967693568015 -0.5491493764578464 -0.0004682052096743828 -0.05430225121009827 0.9985244345019292 -1.539761029413792
0.971524851133616 0.2357585320203079 0.023608858706693582 -7.603316188955064 -0.23663281645108722 0.9704991504925082 0.04622022362282922 -0.41251356490620267 -0.012015565247976414 -0.050490726603495836 0.998652248141876 -0.5891415019704548
0.971572769949234 0.23369702200500408 0.03784249726384038 -8.108358902743669 -0.2351934175872494 0.971058039125542 0.041597367384074026 -0.44359035791661044 -0.027026080307733336 -0.049315175713462896 0.998417550139996 0.273393187294407
0.972138714935711 0.2266460101737801 0.05981559157485157 -7.927901426398813 -0.22884568810818812 0.972908911261683 0.03283140907568026 -0.42443561958407205 -0.050754014200177326 -0.04560522404190913 0.9976693808986304 1.2567894427431745
0.9710829871941614 0.23154525472194 0.05817754719661409 -8.158098880518597 -0.23333731479523706 0.9720460668873412 0.026079520183415236 -0.47740756113389077 -0.050512666789727705 -0.03890037100853584 0.9979655463136937 0.2850883027185207
0.9714001602857483 0.225226684040713 0.07519753581631357 -8.285229201287178 -0.22747872052363594 0.9735172484094242 0.02275079687111329 -0.5387743331984152 -0.0680820116165033 -0.03920596696125671 0.9969090890592202 1.275074161621394
0.9710271016853285 0.22055961975652344 0.09197729027018815 -8.045311543424585 -0.22311333830496566 0.9746198772345239 0.018344840412869646 -0.6271664061961172 -0.08559676432553966 -0.03833469749741862 0.9955921076951042 2.2418349173810066
0.9684844532228933 0.22229935706643675 0.11234259972690525 -7.832999455894992 -0.224991731115912 0.9742901557585852 0.011722342827897603 -0.5968760554710533 -0.1068484197122992 -0.03662906277478947 0.9936003859526351 3.218567261547912
0.9660858998551357 0.2205264961201678 0.1343357681708459 -8.092430841127886 -0.22321543605275151 0.9747557673610646 0.005105203631601114 -0.6136324197502673 -0.12981873211855643 -0.03491788231411914 0.9909227206426483 4.184183427843964
0.9624910429354799 0.2189643250181479 0.16020492076810908 -7.8598568194031975 -0.22143457847953982 0.9751720472524039 -0.0024911264805256104 -0.6064900039036304 -0.15677282839369172 -0.0330772221763123 0.9870806338139458 5.1567358995978925
0.9572146849106805 0.21966723607352795 0.18837821632864116 -7.744916193992475 -0.22243501561182996 0.9749252583868359 -0.006588200750130718 -0.7581291908185585 -0.18510189307813305 -0.03559558898482855 0.9820744591036435 6.138466111836454
0.9543406697953559 0.21673289074885446 0.20557417163202574 -7.2046397382665 -0.21978701360844446 0.9755138845624806 -0.008144303217537225 -0.8954512660339217 -0.20230559711394613 -0.03741009347039502 0.9786076487964446 6.968673314314679
0.9521321416532283 0.20648304462951225 0.22540882216843205 -7.378436735767725 -0.21115182291681242 0.977447122608295 -0.003468455516630186 -0.6303192852327251 -0.22104138189429673 -0.04429305572312072 0.9742580934767582 7.9170928609373705
0.9451868202001147 0.2009763831564394 0.2573526147785339 -7.013415093551535 -0.2055623706056067 0.978600294016868 -0.009250748137431168 -0.730022882842857 -0.25370452639043733 -0.04415832835893888 0.9662732819060804 8.84273771364136
0.9378974563084488 0.20680007530486788 0.27853561765784746 -6.395706732862443 -0.2126114821427514 0.9770903371764631 -0.009530511919500655 -0.8834190459046896 -0.2741253711556095 -0.05028122761316746 0.9603786123391708 9.614039210004941
0.9279397846267343 0.20669621096620458 0.31016839374620425 -5.88054575711014 -0.2122979357935645 0.9770742482555497 -0.015984362785039383 -0.9966940775623143 -0.3063614573745829 -0.051015583580582495 0.9505472464150602 10.463614360456562
0.9134636518006016 0.21178141454136146 0.3474662419487187 -5.362305820737279 -0.21627618096846385 0.975978298444997 -0.02628639401106898 -1.079733327495838 -0.3446864812910458 -0.0511370063581155 0.9373239761128095 11.314808727988872
0.9004974612916965 0.21279541225223048 0.3792392842673454 -4.717813943357605 -0.21635743122964632 0.9757304879184782 -0.03375613867250674 -1.1867313441472411 -0.37721848332089236 -0.05165392018785267 0.924682696047845 12.071896334824624
0.8888732350756765 0.2101773374825693 0.4070993229849873 -3.982890895400818 -0.21335962529171532 0.97622852497495 -0.038151504827631626 -1.3852997636770787 -0.4054405533015616 -0.052946707489448595 0.9125867651377317 12.720324200008813
0.7458438649372753 0.06836920925915001 0.662602882849676 -4.969571059472436 0.11456819676718748 -0.9930620255653796 -0.026494181804697595 -1.3256713773269602 0.6561943747282034 0.09567374041639634 -0.7485021562893439 12.568974573749342
0.7189496936724418 0.07400261949801887 0.6911113877485521 -4.063213014486584 0.12358682452319569 -0.9920823765463801 -0.022335061010836172 -1.3705737855108124 0.6839865749944012 0.10147004707556267 -0.7224030694660093 12.148856890202564
0.6813525018720263 0.0686125921573471 0.7287325163530003 -3.4371161078993504 0.11639815941730809 -0.9930843457583397 -0.015328101447728719 -1.4037150703867243 0.7226411534620693 0.09526696388139506 -0.6846268829923579 11.369816250185195
0.6349393597566908 0.08170494881992524 0.7682293347497824 -2.8713907463116453 0.13070094804605803 -0.9914184770913766 -0.0025817555414255192 -1.5471238070074704 0.7614258149101738 0.10204756057911424 -0.640169527366174 10.55778869553123
0.6243523445123363 0.08252437093202572 0.7767714452168143 -2.78254681098282 0.13893891606775416 -0.9902798265681217 -0.00646859290159828 -1.7967646936202208 0.7686872754923572 0.11196246377462006 -0.6297493780875489 9.5935344848137
0.6050177030480395 0.08083226207547575 0.7920983047616201 -1.7848923802875407 0.14017410370239825 -0.9901085186873907 -0.0060284221723942025 -1.7285298798803903 0.7837759881813814 0.11467897204989923 -0.6103637716312121 9.588089569023229
0.5659467152175556 0.07673040608162138 0.8208634236686424 -0.8115728587442117 0.14334860438409064 -0.9896520513176703 -0.006324155584713322 -1.6102038718276033 0.8118839160591802 0.12124876125254387 -0.5710895242771791 9.39149845833672
0.5484811972203667 0.07592218013465063 0.8327089520710771 0.1828363228205775 0.14473871194706453 -0.9894566564793861 -0.005121543960340447 -1.5049236417276004 0.8235405767535778 0.12333429171254601 -0.5536872501043801 9.38334660150936
0.4957283653909113 0.08014711707886765 0.8647715463466629 0.890280307494334 0.15523587237011455 -0.9878740967721745 0.002567655749652515 -1.5634483285754353 0.8544912004674732 0.13297070561031923 -0.5021589188425837 8.679004447738707
0.4425803317334217 0.07479930574884722 0.893603778988329 1.7489252676244034 0.1476954125134789 -0.9889859776966317 0.009633329741600334 -1.4633655153179403 0.8844821734128999 0.12771765648855374 -0.44875325640697816 8.176299501538953
0.38911766600202913 0.07034273654853646 0.9184984166671135 2.6797431594967325 0.14571566959866541 -0.9892270558261114 0.014027674611851221 -1.4654391718585251 0.9095902295201643 0.1283811958055667 -0.3951757620666907 7.810822071156577
0.36383795414517917 0.06122337364599754 0.9294480306304657 3.660048151199717 0.1695925914246585 -0.9855131593795383 -0.0014716057996877632 -1.291362894942118 0.9158931684739868 0.1581629261526366 -0.3689501222841906 7.904093573005384
0.31581537411507693 0.05905451725337953 0.9469811051253993 4.622139495307163 0.17063181214562087 -0.9853243979142846 0.004540435965229349 -1.3179971377897772 0.9333517204979349 0.160151162552209 -0.32125717264634435 7.632669803409833
0.26174966628439883 0.05642673311574862 0.9634848914175499 5.617219876585849 0.18531276833364976 -0.9826531734137262 0.007205461293509827 -1.2681400284327393 0.9471780667290202 0.17666002538723488 -0.2676657343360544 7.54705845228847
0.21865832148983028 0.048684853192010186 0.9745862319532942 6.604727547348999 0.1774766278759873 -0.9840806889638618 0.009340458563647513 -1.1636772501476176 0.9595262294492098 0.17092390902996688 -0.22381785523255188 7.42909181235628
0.20311592835413134 0.0817024369141736 0.975740042967963 7.410298370537084 0.23345659568511684 -0.9718146688310334 0.03277601830522634 -1.1767277276644033 0.9509163672899705 0.22113561731913597 -0.2164650114289415 6.8367360629415765
0.15635915290599642 0.0824979416239 0.9842489039518088 8.372842796704793 0.2303681499567728 -0.9720680371918848 0.04488035823621029 -1.1221588465986179 0.9604594373465298 0.2197221443044317 -0.1709966330494598 6.571160339516597
0.10825480202620424 0.12660933794998655 0.9860278765745579 9.204483776432289 0.30380450976557966 -0.9486195886402967 0.08845165851475073 -1.1332661883737707 0.9465641645891535 0.2899843988765288 -0.14115711361407757 6.01595775685277
0.06747944851106326 0.12477682237918498 0.9898875030151628 10.126386689968092 0.30585569991261147 -0.946967119795431 0.09851682524987139 -1.0045891878487598 0.949683534057324 0.29611487403253123 -0.10206452134356545 5.650530270817464
0.04406511245881868 0.11224469893176128 0.9927030741494198 10.950267759534967 0.28958980968689246 -0.9524408443382566 0.09483765160387757 -0.8410167899930089 0.9561359777717294 0.2832976625352727 -0.07447433391815078 5.107884848954289
-0.3715630039503982 -0.24200010606933212 -0.8963129379618411 11.132875531187542 -0.475633715550609 0.8787298270060708 -0.040080665680642495 -0.7372815784084678 0.7973164382645604 0.41142416043823943 -0.4416069037965866 4.130186834427516
-0.3675870116103407 -0.29984979297348746 -0.8803237418979083 11.111225652790168 -0.494213687396053 0.8648529398334448 -0.08821691250460002 -1.263052159669085 0.7878023991368531 0.40264065134459726 -0.46609857948616346 4.980537690631152
-0.319954567303815 -0.3503957072194622 -0.8802567371077602 10.449870184921059 -0.5311099564477249 0.8357202739791555 -0.1396203345587634 -1.0190848812081765 0.7845707673776344 0.4228409535775535 -0.45349116744882406 4.271250081716398
-0.3131552504006796 -0.34174052176409814 -0.8860853259877906 9.589275419469555 -0.5055969453043564 0.8497958721229218 -0.14905939964237883 -1.1863444347507877 0.8039312893807513 0.40132330047885517 -0.4389010030147617 3.790208616324695
-0.3037973869009919 -0.3437516113404336 -0.8885617465393072 8.705288564329745 -0.5036903050566452 0.8495965111924171 -0.15646675289535805 -1.330736625000121 0.8087046582678242 0.4000257465095538 -0.43124955400023124 3.3455535417612428
-0.3697849866706652 -0.3858063917868088 -0.8452292539242942 9.556361590892298 -0.5053132161651547 0.846916242590415 -0.1655035697662185 -1.0362036848868046 0.7796907189404072 0.36590477735740773 -0.508129980128332 2.910898447869703
-0.38765761587664116 -0.3833487572687501 -0.8383109823647449 10.4770394756039 -0.5048346612866278 0.8492075113387313 -0.1548824310549633 -0.7498661883178038 0.7712739705295782 0.3631670868710177 -0.5227294992605269 3.1761588306289186
-0.3866510850014858 -0.3798649727042143 -0.8403591737939203 9.622655740056992 -0.4972723303552963 0.8532869761031014 -0.1569126058538291 -0.8520945723982357 0.7766731409867303 0.35721693538415744 -0.5188206753248761 2.666671058527159
-0.38714891572815996 -0.37066345004338985 -0.8442300183317585 8.77738705095044 -0.49284248545483245 0.8570426929365372 -0.150280095204894 -1.0241083445222832 0.7792445069304115 0.3578916446160999 -0.5144818452897695 2.1607737315765734
-0.371541184102864 -0.3764666710642699 -0.8486636519217897 7.885403839389519 -0.5126245980154721 0.8453102484209978 -0.1505543271510552 -1.2418080151920423 0.7740627687887619 0.3791087304352337 -0.5070536465531674 1.7645757965948972
-0.3644471602518977 -0.36200187486341806 -0.8579818820812584 7.458142096422452 -0.4909642838403306 0.8575879061637934 -0.15328749197097505 -0.9016683705746422 0.791285245267145 0.3653732691330431 -0.4902754683089396 0.9268691503539253
-0.3621153525361003 -0.3689506393554709 -0.8560069492573325 8.316739098006622 -0.49255862196218453 0.8553856562359932 -0.16031650893290073 -0.7384150760952963 0.7913649445030886 0.36358053416664793 -0.4914780969552168 1.4128316496399416
-0.3644476084058112 -0.3805475665808102 -0.8499185197986384 9.230510710377503 -0.5025391595928937 0.8487534532739823 -0.16453561508426698 -0.5159278209001537 0.7839849066168048 0.3671527272470003 -0.5005662204665164 1.7527152498633853
-0.36230934713884794 -0.3905197629039144 -0.8463015135028962 10.119820639898622 -0.5068056165095186 0.8445732943331292 -0.1727542114499455 -0.3580907061248433 0.7822275909543439 0.3663198947378545 -0.5039144080784104 2.1819183421804715
-0.3740580311133634 -0.38497463246684915 -0.8437269236646471 10.964926544362791 -0.49425602236223043 0.8525560915871362 -0.16987964874090447 -0.19917346358920776 0.7847238837440005 0.35347226631615425 -0.509181483586214 2.692350825732084
-0.37469324865759246 -0.38241753400888007 -0.8446074822620186 11.78835201723856 -0.5038991356339254 0.848678951741266 -0.1607162032239708 0.05445936787637454 0.7782612867911453 0.3653777039638711 -0.5106941383335875 3.1999341956547678
-0.378080537853152 -0.376958933482631 -0.8455513404662712 12.603464844419216 -0.5034799645968214 0.850189748427249 -0.1539003473641134 0.25664832186281805 0.7768931922383293 0.36753143285553935 -0.5112314678469013 3.7428068380410155
-0.37941866536609553 -0.3595772277252764 -0.8524938085835082 11.847042924833316 -0.4819597726673755 0.8633209446738964 -0.14963864480067787 0.08343529973457275 0.7897824092129614 0.3540920272877853 -0.500861839541606 3.1120746218547946
-0.38548871926566863 -0.36563165552220334 -0.8471788121754504 12.70740773738621 -0.47535669423687743 0.8656187327782083 -0.1572902498810325 0.3668588753228545 0.7908441442933681 0.3420785026036271 -0.5074917117484339 3.5356823013432286
-0.4001024067874626 -0.35599305960573596 -0.8445039997509936 13.51108032182381 -0.44417524397563446 0.8813402030773745 -0.16108320545208452 0.3668988638418933 0.801639829800187 0.31065799193337484 -0.510749640553819 4.130754041072405
-0.40885917541871897 -0.36082665154835675 -0.8382352308322085 14.44731821834672 -0.4538298533688119 0.8772784257396657 -0.1562722877639451 0.5305254995474185 0.791752890027675 0.31652281318118647 -0.5224372401243018 4.441696037595953
-0.41863041608143087 -0.3569279864503272 -0.8350754380413803 15.36618637060779 -0.4606049798355804 0.8759309519742254 -0.14348526030290676 0.824364096593668 0.7826823284591009 0.32457261107807656 -0.5310941468852811 4.705021307264888
-0.4273941366144375 -0.34874561480668653 -0.8340927695051109 16.207664064486412 -0.4442074643703871 0.8845617840731288 -0.14223283290083297 1.028296719414861 0.787409665031639 0.3097207553756583 -0.5329719252496312 5.205347976606017
-0.419814723235326 -0.3633746692336319 -0.8316937224208173 15.370948203254661 -0.45729835896536886 0.8762271123149934 -0.15200085043087797 0.975179337499871 0.7839858474758548 0.3165199794696618 -0.5340236825779313 4.660292831412701
-0.41804018348049016 -0.3663586917295526 -0.8312783613145535 14.576764154606701 -0.4527650041755 0.8773438817008672 -0.15897032501701583 0.828830674305742 0.7875571445867052 0.3099177668935165 -0.5326393918723775 4.070501541502086
-0.42475190271553315 -0.366921273173036 -0.8276198405262006 15.451004104268067 -0.45304999906088517 0.8776271133888064 -0.1565769721120107 1.0458617679531168 0.7837930335812343 0.30844680114714845 -0.5390074687530986 4.504784876211489
-0.43126368290590894 -0.36888908796187 -0.8233665505648698 16.287948944363947 -0.4665031390371053 0.8723079576999515 -0.14647063938506147 1.3177212510844938 0.7722606147376455 0.3209356130378777 -0.54828265995656 4.979775145657534
-0.41499307654789497 -0.3635687757258478 -0.8340254742719324 15.687720770040958 -0.47720696788798406 0.8674553613942346 -0.1406936593722559 0.685398760114908 0.7746316906869206 0.33961587316497027 -0.5334855222758376 5.469565311098732
-0.415786131629543 -0.37306166616329617 -0.8294256361989337 16.62706374333912 -0.5097519523766565 0.8508703496050638 -0.12717151886780767 0.9997779516495106 0.753176499761334 0.3699251835201551 -0.543949003864195 5.606680235324423
-0.4201966665180644 -0.3761928043010014 -0.8257806824086257 17.461936826343894 -0.5100338671352636 0.8505828361260502 -0.12796207744021296 1.1616340198168225 0.7505332876176528 0.3674068764733618 -0.5492831431037465 6.132788160061852
-0.4175858295137692 -0.3824232903804597 -0.8242417739740446 18.35385142408242 -0.5168079799548259 0.8460629710785675 -0.13071710226562305 1.2816299493886478 0.7473497085329712 0.3713891166206791 -0.5509433157879308 6.568780507732219
-0.4453522216510811 -0.3723862890691227 -0.8142418869007995 19.214021212243082 -0.4915719683234245 0.8617811020613301 -0.1252610557539555 1.6194191120438177 0.7483437703549667 0.3444731975688185 -0.5668507894742949 6.950888368327056
-0.4432515019894535 -0.3628595298488163 -0.8196713167983798 18.983439678285166 -0.48572397142548573 0.8657533485016522 -0.1205958670138935 2.0063539712653213 0.7533925467953304 0.34467970807123516 -0.5599960439835079 6.058076198317678
-0.45957855218884114 -0.352469053584563 -0.8152012761479285 19.813948841846827 -0.4753202561381662 0.8729744816842232 -0.10948154380036909 2.4489469603984175 0.7502387676418508 0.337166309991618 -0.5687360292208311 6.396256586883224
-0.4670663237187509 -0.3531319607190383 -0.8106459569791109 20.690222743029597 -0.4742749835491621 0.8738032005795594 -0.10738345606452836 2.6643848268958243 0.7462655621340833 0.3343139018581869 -0.5756057034090786 6.827221290524918
-0.46835073264202237 -0.35188789401338405 -0.8104458657310225 21.49738109526728 -0.4735720654589808 0.8743575626450776 -0.10596391585005083 2.8443182851623403 0.7459068910062453 0.3341762449549405 -0.5761502818338443 7.389466206028118
-0.47109755325569613 -0.354536404029231 -0.8076948888872081 22.35892744096551 -0.49168713962671345 0.8657651661228779 -0.09324394808205462 3.0792148734783624 0.7323324737045357 0.35320619381070784 -0.5821808418451727 7.839534519744517
-0.48761785063102364 -0.38315979453696475 -0.7844854387408171 22.94602598556201 -0.4987965905802096 0.8597271260788025 -0.10986914903576948 3.4655852100587414 0.7165408522698103 0.33772450390025555 -0.6103370925101846 7.12817437049279
-0.4919866569987116 -0.37400866377813186 -0.7861721495665752 22.213246341688453 -0.48555988782828025 0.867407614140418 -0.10879166449420051 3.3814391264620443 0.7226207336268637 0.32820961343343447 -0.6083565771670876 6.452931132733324
-0.4838853443480353 -0.3709130881968484 -0.7926401797344503 21.7935087194909 -0.4741192113425361 0.8724085653569534 -0.1188034870185081 3.7126599089732277 0.7355718503050006 0.3183186706684022 -0.5980027399124397 5.60787899129788
-0.4806181329633968 -0.3824470806274873 -0.7891390503493615 22.629306956242388 -0.48798711989898996 0.8643275098485032 -0.12168207152977542 3.8556340889437397 0.7286115433339462 0.3266070823460464 -0.6020407234414742 6.1379730313557435
-0.5133928473079256 -0.379301276685534 -0.769778101687614 23.504748780088775 -0.4989782819083299 0.8617358437914884 -0.09182597513114371 4.236887027935861 0.6981750915901255 0.33695975580133297 -0.6316721178375945 6.43503836014789
-0.5024887847870954 -0.37645545615894854 -0.7783227548333326 23.069149435551978 -0.4996739011756282 0.8611084886200582 -0.09390507606306815 4.225250999066824 0.7055714093180966 0.34172131972505876 -0.6208023244143381 5.534972910376998
-0.5081490059509262 -0.37088062855539433 -0.7773237080608328 23.86039725249078 -0.49123424553221134 0.8661414246259431 -0.09213006329827049 4.367026069949466 0.7074415196802437 0.3350322251803484 -0.622318169687514 6.129806266423717
-0.5134026633489248 -0.3739014728178646 -0.7724088256168904 24.669321071459517 -0.4875845285878334 0.8677836828985237 -0.09598336927227163 4.4619016718289535 0.7061720985340745 0.32733647569390256 -0.6278310273730363 6.7100138803629354
-0.5024244982378643 -0.32837191732593884 -0.7998384258599477 24.60545225590164 -0.4601242600346843 0.8847484778397446 -0.07420105314475414 5.044929889555576 0.732021371886075 0.33074463695113837 -0.5956111955211176 5.900076307624295
-0.5126468194225822 -0.3273780171679132 -0.7937360218681766 25.491931384892354 -0.4701254411928126 0.8805875368108365 -0.059562232636871576 5.308110148007496 0.7184534139936846 0.34262110835240184 -0.6053391347271362 6.280721687768398
-0.5281227912235932 -0.32382516189118793 -0.7849990967614867 26.37147198901408 -0.47508983237637 0.8788894054639254 -0.042930922839634574 5.619669641939454 0.7038295024811057 0.3502722904961416 -0.6180075678725894 6.640359015422322
-0.5236800601746748 -0.3404410764597142 -0.7809347399331157 27.278368903359656 -0.48644207961672875 0.8720449135996932 -0.053960836196795335 5.532298036730787 0.6993806529734778 0.35162130499139826 -0.622277398048929 7.052553374134004
-0.5330914824134643 -0.3416768815301545 -0.7739963695044356 28.0928398746932 -0.48253250633288197 0.874237541182832 -0.05358266434869161 5.635484256995775 0.6949646406187365 0.3449139461002175 -0.6309187888114082 7.623508399335132
-0.5411216545200332 -0.35002267816948135 -0.764638136491091 28.959690858364354 -0.5112977351705688 0.858833298500911 -0.03130481425425952 6.0188335368336086 0.6676540878471096 0.3740180345292298 -0.6436990980481047 7.942275872199243
-0.5548755466747716 -0.34081003735669396 -0.7589213701954275 29.734144831457247 -0.4875808040324868 0.8723653259891724 -0.03526609633684947 6.050054916816598 0.674075728120672 0.35046719739332666 -0.6502266191950776 8.574135246579804
-0.5671780638483059 -0.33815129861237325 -0.750974528952917 30.526635633934994 -0.4896394689083676 0.8716300425901521 -0.022677286906128028 6.649494439599685 0.6622403146716649 0.3548447098394656 -0.6599416622115377 8.461749364398077
0.9578516147284513 0.22434586953077393 -0.17941353066751178 31.0343755871752 0.2855232296994711 -0.8121698201880609 0.5087795873240961 6.3842142089095075 -0.031571656023805746 -0.5385620799872324 -0.8419941309390154 9.281399618523949
0.9520815238371237 0.24101278226892903 -0.188291292286641 31.034940835499274 0.30462121058819835 -0.8022675271512963 0.5133933510850394 5.9771739724949295 -0.02732562950355128 -0.5461498454284632 -0.8372416952772408 10.194809672351859
0.9540583147728761 0.23662703428753193 -0.18379439234380784 30.699687508505956 0.29861317241606206 -0.8012079160525442 0.5185518763965244 6.387466252596937 -0.024554129435981842 -0.5496121558872464 -0.8350590235597851 9.346714482158792
0.9489931223507672 0.2437331465075841 -0.20001551695920294 30.766372867561966 0.3131061369380219 -0.8031508693178527 0.5068660850024678 5.815003536852562 -0.037102570567212285 -0.5436385144629569 -0.8384989951394226 10.163928959496383
0.9515550691809667 0.23454258378659715 -0.19882838506288644 30.503114735150675 0.3041752277994976 -0.8125719648615791 0.4971963723863228 6.352610719513982 -0.04494864969199348 -0.5335883978421011 -0.844549016090347 9.362883596941817
0.949912790018695 0.23592336791853913 -0.20495330158081082 30.70138087866741 0.30858332559044244 -0.8117866951787177 0.49576072121373366 5.837414922193153 -0.04941682432578596 -0.534174621262364 -0.8439285819740743 10.19670841472908
0.9422238311290821 0.24516413002175297 -0.22827352321965313 30.61399165228476 0.32779761990276096 -0.8151835927320268 0.47751903682114355 5.183748411060074 -0.06901429155271396 -0.5247573339089058 -0.8484496261242038 10.948428585627372
0.9402043563991165 0.24448495644596704 -0.2371558016995124 30.838063290071673 0.3324235997975509 -0.8103834567375685 0.48246575354496357 4.699887607861247 -0.0742315196245096 -0.532452588610182 -0.8431986256965553 11.794401767393369
-0.510530458632809 -0.12025229903702205 -0.8514094405070254 31.426499288583344 -0.6321269674598191 0.7237294943237639 0.27682325779443523 4.289445522882343 0.5829014906639312 0.6795255724563877 -0.4455006717835481 12.491022446481889
-0.5053317343045615 -0.08608735656854369 -0.8586202917144377 30.842215726480607 -0.6069140448261551 0.742781908162524 0.28271961215875724 4.762205004939849 0.6134290346058837 0.6639759061483195 -0.42759889564522807 11.831392860137202
