0.999259848467049 0.03454340101910015 -0.016926567509226775 0.4861739849173514 -0.03463867333466815 0.9993854846009864 -0.0053680050731581275 -0.21421276610748685 0.01673073672092512 0.005950345778603844 0.9998423254863189 -0.8471999452467889
0.9997231115026213 0.02336035130423685 -0.0028274218752117244 0.6887344258390149 -0.023382751960672788 0.9996932232807677 -0.008167388643552528 -0.25088666766945944 0.0026357614200532165 0.008231240091980015 0.9999626490265946 0.1313828528433083
0.9990962544489365 0.020705010710650007 0.037121110942134675 1.1581527701070669 -0.020435126599013125 0.9997620267727219 -0.0076351440184111346 -0.23368806798641548 -0.03727036285024218 0.006869669189374485 0.9992816058040094 1.0141912274261409
0.9990665470364986 0.02567867332841664 0.03473672881346637 1.2492190043238265 -0.02508573960145598 0.9995338833628359 -0.017398898765633854 -0.15600698426570664 -0.03516731808392278 0.016511261178398635 0.9992450340097181 0.02138077712983455
0.9969985930348941 0.07657427386719363 0.011409910961686549 1.7125816541552936 -0.07608100075741814 0.9963487439388126 -0.03874095733587418 -0.1942944336945026 -0.014334811132044304 0.03775660251217355 0.9991841432671685 -0.8639604711791994
0.9970623707409115 0.07633968422667856 -0.006235500355506414 2.0748967958656452 -0.07651622882656589 0.9964106749570861 -0.03620819738297032 -0.13020040238100766 0.0034489967632923076 0.036578948094969546 0.9993248145511004 -1.7938097564063225
0.9968318475785669 0.07641689666142229 -0.022061857531450228 2.6426237020445185 -0.07697299947816698 0.9967053732892726 -0.025564745405048928 -0.22137351420214535 0.020035593438545714 0.027181919743246546 0.9994296964942736 -2.6119623238907823
0.9968888519721767 0.0688296983136837 -0.03840689317873381 2.968211429302981 -0.06952081761449563 0.997436363811354 -0.0169574781437537 -0.23088235922403177 0.037141253772691944 0.01957479953488826 0.9991182885381289 -3.557426344213617
0.9974128698005196 0.06495030005448481 -0.03080626038848674 3.0383707617019327 -0.06549027239214035 0.9977108566281276 -0.016854399673965438 -0.22459345968441 0.029641042125644057 0.018828305531800198 0.9993832615831151 -2.559910370496949
0.9987411890877231 0.05015634665894464 0.0006149060644618696 3.5409268791892656 -0.050112862411295235 0.998257332080401 -0.031160872398973555 -0.29671274744024867 -0.002176750005627934 0.031090832049757423 0.9995141929566908 -1.6983790842921782
0.9978906872230721 0.06384549005106441 -0.011744349858718025 3.7833464253141647 -0.06420964342662859 0.9973636491007825 -0.033806406839463024 -0.26968049326413995 0.009555001019875976 0.03448919907028034 0.9993593933630679 -2.6681739187240567
0.9985523859666897 0.05279470483194781 0.010288421741850172 4.139809467591661 -0.05229318319568155 0.9976581431670923 -0.04408687291758087 -0.4284289399274849 -0.012591881173741888 0.04348503781871963 0.9989747224101364 -1.7474497308305024
0.9973546909674861 0.06978841881365598 0.02032724783730028 4.275260552506525 -0.0688120210080203 0.9965999221971192 -0.045315569526220276 -0.34816578158826206 -0.02342063555801064 0.04379693683562353 0.9987658895626508 -0.7599220962760069
