0.9999988346397053 0.0008620017742502834 0.0012600286395975128 0.0031556352690454217 -0.0008561662004286321 0.999988940297642 -0.004624528282591518 -0.0021588641191834543 -0.0012640010556404604 0.00462344409941708 0.9999885129670196 0.9999926906091683
0.9999957447218163 0.0009139000330624329 0.0027704376891513408 -0.03117100009210191 -0.0009101194418866714 0.9999986534463413 -0.001365572446064077 0.009914187685584497 -0.0027716819553119353 0.0013630452059700017 0.9999952299320758 0.9994648956495636
0.9998702845779797 -0.0031996391175879157 -0.015785319998884106 -0.46962029079956347 0.003255908647967057 0.9999884327279892 0.0035402639867208457 0.06264292362053718 0.01577380983865523 -0.0035912003197789144 0.9998691365390956 -0.8806433140549044
0.999998827183872 -0.0013677373780929098 -0.000689148275570736 0.006349223276151801 0.00137175010285535 0.999981910878754 0.005856297203067155 0.003705959380204883 0.0006811259329021647 -0.005857235673925241 0.9999826142777303 0.9999729762492894
0.9998849031791592 -0.005655833518337868 0.01407806597568284 -0.42740664244029314 0.005687379648893064 0.9999814027799413 -0.0022017736010538497 0.056027633429266505 -0.014065351297859185 0.0022815874898379496 0.9998984749720313 0.9023217088656524
0.9999978994643277 -0.001865216215916318 -0.0008497266619956865 0.0014444143359607195 0.001862836624644539 0.9999943654392557 -0.0027926563429904114 0.001998218303460492 0.0008549307820556208 0.00279106757496924 0.9999957395084991 -0.9999969603907992
0.9999995892381082 0.0003291137692083499 -0.0008445162767016026 -0.011419095662378335 -0.0003319653385873216 0.9999942372261468 -0.0033786555774227493 0.0022110182949449247 0.000843399447873339 0.0033789345397315317 0.999993935720986 -0.9999323555382899
0.999900146501967 -0.002055129481489809 0.013981182645213308 -0.9715508792204919 0.0019344078676425125 0.9999607807484733 0.00864262871497051 0.1474619476785217 -0.013998396034764438 -0.008614720408553017 0.9998649066252581 0.18532097310543785
0.9999829693565314 0.002948659573727792 -0.005036507084598185 -0.17229682988699196 -0.0029338158395416846 0.9999913389433125 0.002952077739647615 0.030346338579625234 0.005045168135415917 -0.0029372512796030717 0.9999829592715093 -0.9845775247006726
0.9999434836050278 0.004534486102515004 -0.009616029930673953 -0.3710855011137814 -0.004494758334755038 0.999981291275525 0.004149005476672983 0.0627621618176549 0.009634663634692786 -0.00410554925916258 0.9999451573571058 -0.9264752894206669
0.9995144690345151 -0.0154171328025475 0.027076525013371766 -0.5899135944750006 0.015217562897661824 0.9998556161755187 0.007561255301181527 0.05360017969847885 -0.027189188478268955 -0.007145545355154007 0.999604766500976 0.8056854049750903
0.9998638796763941 0.010310526195333708 -0.01288080618769738 -0.359342492741896 -0.01021835919954709 0.9999218636506477 0.0072008144458668155 0.16356241017259132 0.012954043914496893 -0.007068213564268622 0.9998911106231874 -0.9187602031480103
0.9999624154983945 -0.0078559192713413 -0.0036677135953612217 -0.5278152480686021 0.00784825553602038 0.9999669984709828 -0.0020992508128086784 0.18581889242816804 0.0036840841001201108 0.0020703867599838055 0.999991070471635 -0.8287836889822631
0.9999430693769582 -0.003570251163338563 0.010055412056097973 -0.24111945024180928 0.0036055670715077863 0.9999873881782958 -0.003496193707860043 0.0392998827651382 -0.010042802949380897 0.0035322501299735465 0.999943331053285 0.969699401840454
0.9997666803073095 -0.015574406522762528 0.014967391515091077 -0.3795939712595401 0.015549104050581741 0.9998774754398836 0.0018054005618828896 0.018595934740843156 -0.014993675684316643 -0.0015722497983446798 0.9998863524021342 0.9249662740849126
0.9999962319788376 -0.0019345787418416872 -0.0019476737966631669 -0.002451850407568681 0.0019313566672213567 0.9999967656722918 -0.001654843309532859 -0.014753124424956457 0.0019508689219355376 0.0016510754212754972 0.9999967340248681 -0.999888160620617
0.9988310797112927 -0.03741301641136491 0.030606215149482918 -0.7595439066246455 0.03625054325236518 0.9986316172145882 0.037693384211090336 0.17903818930744564 -0.031974557333635134 -0.03653983172346821 0.9988205386259028 0.6253306170969746
0.9999942284553864 0.0019371749417624701 -0.0027911304451432584 -0.034888802345141835 -0.0019384013788545482 0.999998025915393 -0.0004367669993164489 0.013342803365795854 0.0027902788411291526 0.00044217480959965645 0.9999960094047508 -0.9993021270212844
0.9987127182503357 0.050105953746283294 -0.007893022500983782 -0.537266776069519 -0.04982464576000542 0.9982284149193172 0.03251978355644161 0.16496708902343044 0.009508474110797527 -0.03208465438247901 0.9994399250946708 -0.8271216783950237
0.9969293901029717 -0.03583369541957507 0.06962569512395816 -0.8058343110938425 0.03345584952809516 0.9988263496155615 0.03502327006442155 0.31857877514063704 -0.07079899209219515 -0.03258634048537937 0.9969581902630119 0.49913788384954677
0.9999985361258847 0.0013803684216493425 -0.0010111029167585387 0.009352314414823091 -0.001378868324557538 0.9999979499782131 0.001482822145257412 0.00737356004858268 0.0010131476848397724 -0.001481425796807669 0.9999983894533916 -0.9999290798988177
0.999597748118086 0.025008287855365706 -0.01337637827643351 -0.22931005824279888 -0.024758894413128556 0.9995223366390267 0.01849582945151451 0.24518910504108976 0.013832537897675523 -0.01815720513193375 0.999739454456563 -0.941965604445212
0.9995560331947331 0.02339306369572796 -0.018452671214135186 -0.37673016522679265 -0.02313278565359489 0.9996316240049372 0.014194735543729992 0.13707079175380546 0.018777932045733525 -0.013761571864406227 0.9997289674746384 -0.9161255266917184
0.9987104972078411 -0.021136823151203993 0.04615817884125689 -0.5238785650167846 0.021655406815079437 0.9997075485082823 -0.0107638659985142 0.17798963680550953 -0.04591716588096589 0.011749560103905293 0.998876149337256 0.8329891585763871
0.9993165541633315 0.03659143185364259 0.0052432518560141805 0.20440598912781452 -0.036612310454058244 0.9993217661308686 0.003942899985692486 -0.08426117326311043 -0.005095419348888769 -0.004132172791854044 0.9999784806932986 0.9752529140120547
0.9999992487896356 -1.2838751791843114e-05 -0.0012256652606136564 0.00021253420893187566 1.522661982900038e-05 0.9999981020772244 0.0019482325578230293 0.0022431728859252 0.0012256379215214001 -0.001948249757029499 0.9999973510637763 -0.999997461499085
0.9999886942089239 -0.0042737829459550195 -0.0020847622554895154 -0.011076167669182894 0.004279613786834863 0.9999869209987283 0.0028004887642500064 0.006874317899447058 0.0020727663077603365 -0.002809379079799991 0.9999939054959383 -0.9999150275214297
0.9999972907945794 -0.0021999389479446943 -0.0007607050194982021 0.022442613740805577 0.002201313989108262 0.999995936333916 0.001811500034840684 0.006759209353597242 0.0007567167387661569 -0.0018131696777159804 0.999998069895886 -0.99972528335408
0.9876236407854787 -0.0037268286584909993 -0.15679813426755496 -0.9130068917480693 -0.0009688834396708312 0.9995536088336591 -0.02986041413792854 0.35840818439245964 0.15683942561268296 0.029642770041926267 0.987179163453993 -0.19483836629634857
0.986162452967287 -0.012950517620969132 -0.16527522636769376 -0.8648619387279172 0.011068416735315001 0.9998630459104387 -0.01230364066743219 0.1562653367490973 0.16541192976480518 0.01030405337956182 0.9861707357123483 -0.47706914747285817
0.9999996309875677 0.0006008372023450506 -0.0006140190427580535 0.007128873552089034 -0.00060172815344321 0.9999987650088256 -0.0014518622706664935 0.0022589979577657807 0.000613145951585058 0.0014522312074560452 0.9999987575375091 -0.9999720376541061
0.9988303355166627 -0.015465613525347519 -0.04581239624768785 -0.3598599475528923 0.01579480216492471 0.9998519109446409 0.006832305973883374 0.17276709317100936 0.045699946129524605 -0.007547912203679702 0.998926695981804 -0.9168709558408256
0.9991287318045476 0.02065942762323493 -0.03626245072959611 -0.32205230985216843 -0.020032410144118468 0.9996449336759441 0.017570120085951935 0.10474140416038176 0.0366125637787616 -0.016828387513284665 0.9991878329659787 -0.9409099574206846
0.9999964517737516 0.0020783637220610773 -0.0016663865532256517 -0.3837910094510975 -0.0020798838937376996 0.9999974220385438 -0.0009110429491005767 0.15903735795513393 0.001664488778730322 0.0009145056070669622 0.999998196576674 -0.9096216685189278
0.9996140093261091 0.02727813302337838 -0.00526648058381098 0.001495960151336857 -0.02719372417878905 0.9995102541285898 0.015483967743739613 0.2465641859891869 0.005686275078531609 -0.015334775856206684 0.9998662465175884 -0.9691253088691448
0.9999975465346082 -0.0004846751601171071 -0.0021614843865427314 0.0055779854548223765 0.0004871556739208616 0.9999992232841427 0.0011472185756296986 0.0028581623876677 0.0021609266793367003 -0.001148268740351622 0.9999970059329109 -0.9999803583001177
0.9999981320475783 -0.00012869945764670585 -0.0019285584781148207 0.010975206296367793 0.0001329359929926346 0.9999975782626639 0.0021967696350619972 -0.005574128438506515 0.001928271084592141 -0.0021970219064371696 0.9999957274235562 -0.9999242340992158
0.9999976286546566 0.0006981329513619584 -0.00206283674721248 0.004747934046638334 -0.0006946651122529783 0.9999983452657142 0.0016813406005916718 0.008161426985610388 0.0020640071330415206 -0.0016799036328319084 0.9999964588928999 -0.9999554231223746
0.999997380127826 0.0011159670455509734 -0.0019985882612669204 0.010749988072508824 -0.0011158085815564395 0.9999993742532297 8.040123134048176e-05 -3.916153340220122e-05 0.001998676735781373 -7.817097876660854e-05 0.999997999588301 -0.9999422164419379
0.999996392279326 0.0018962033459333186 -0.001902588027694302 0.01649391319756875 -0.0018974743803188176 0.9999979777003242 -0.000666472983562311 0.009479254138190053 0.0019013204117897566 0.0006700806911528016 0.9999979679842147 -0.9998190309093012
0.9999975207356028 0.0016582123337769614 -0.001486221552589321 0.016649555038976197 -0.0016591528940511084 0.9999984239911827 -0.0006318439879434996 0.009074823017071037 0.0014851714787972176 0.0006343082902253803 0.9999986959584853 -0.9998202037887678
0.9999986541996249 0.0003070514380235376 -0.0016116197919390767 0.01006174957379146 -0.00030484501753897297 0.9999990162658707 0.0013691372488490693 0.018441855253237577 0.0016120386020947938 -0.0013686441119999115 0.9999977640699205 -0.9997793052320763
0.9999975287677346 0.0021422593805543824 -0.0005942921588748852 0.018905684432154377 -0.002141185589968404 0.9999960847196728 0.0018016297050056419 -0.0020187191918099503 0.0005981493901903168 -0.0018003527629533726 0.9999982004719988 -0.9998192335962418
0.9999961153672557 0.002787027191950857 -4.1591213966605395e-05 -0.019882562369787415 -0.0027869945048307854 0.9999958227140014 0.0007663003183018754 -0.008983460409334447 4.372674005251667e-05 -0.0007661814270217907 0.9999997055269533 0.9997619622453564
0.999998884015713 -0.0014892847515989745 -0.0001183142307112639 -0.12922942033937204 0.0014891709915621654 0.9999984343623507 -0.0009558465385895998 0.10294484397064521 0.00011973757314920341 0.0009556692817594276 0.999999536179461 -0.9862566177312115
0.9999991317216057 0.00035962927849801055 0.0012677629182838313 -0.012102326993948868 -0.0003553037874484235 0.9999941211612311 -0.0034104841585289036 0.013810908074670355 -0.0012689819752672964 0.0034100307563127343 0.9999933806655861 0.999831382033733
0.9999965995200839 -0.0006509690210523044 0.002525309407312923 -0.03597566078365851 0.0006565586337360669 0.999997335247103 -0.002213239583535403 0.0299731872987601 -0.0025238619275823188 0.002214890071152848 0.999994362175579 0.9989030783185786
0.9999800460815864 0.006225304612889691 -0.0010737882215013927 -0.25443623291533235 -0.006220149596730042 0.9999694248537363 0.004739102940648471 0.1824993256026974 0.0011032577496668805 -0.004732329253602174 0.9999881938713941 -0.9497137461016427
0.9999839287479796 0.004740468055689573 0.0031096958643253283 -0.003853352960097926 -0.004748774677580833 0.9999851619371473 0.002669277917124226 3.702870222490996e-05 -0.0030969960957647575 -0.002684002263461594 0.9999916023382559 0.9999925751223557
0.9999891724749999 0.0030681908988916726 0.0034987336813149953 -0.006189453773024574 -0.003080747669445181 0.9999888131718072 0.0035892234588337677 -0.0051923276526580605 -0.00348768211883193 -0.0035999633120617587 0.9999874380898941 0.9999673646652371
0.9999808130941737 0.004428627378520544 0.004331362725336288 -0.007603314919887166 -0.004432549115562635 0.9999897745717383 0.0008962479013979914 -0.001072579737426815 -0.0043273492873033845 -0.0009154296831912698 0.9999902179704766 0.9999705191529079
0.9999910220662954 0.0019559920936889005 0.0037589734948771034 0.044820995471355575 -0.001957973717434562 0.9999979461078061 0.0005235638364922031 -0.018256420086107696 -0.003757941687626054 -0.0005309191072782951 0.9999927979736524 0.998828204192591
0.9999790327421274 0.003344644629781215 0.005545036376797275 0.003108227713027643 -0.0033561155716220897 0.9999922450259027 0.0020606737550398144 0.0021076195362338093 -0.005538101153775281 -0.0020792403312911802 0.999982502944554 0.9999929484053246
0.9999560072575926 0.0059662586849023435 0.00723790762292853 -0.02450482904748535 -0.005975755826814443 0.9999813113680194 0.001291223061275857 -0.0055175209743635835 -0.007230068585533184 -0.0013344182254839913 0.9999729723528772 0.9996844853830887
0.9999696048135974 0.003189915166859274 0.007114343972995775 0.001482130212290475 -0.0031895250037686875 0.999994911261822 -6.618693955524023e-05 -0.013203664787556007 -0.0071145189006843225 4.34935498035971e-05 0.9999746905442772 0.9999117293672535
0.9999629543435186 0.003995818398843613 0.007623868827937055 -0.008799296087453919 -0.003999978774575531 0.999991859318537 0.0005305341249569571 -0.014636795226959888 -0.007621686846431684 -0.0005610097844639134 0.9999707971524151 0.9998541576719323
0.9999705906265862 0.0033907540650721865 0.006879002019635101 0.009215332888306721 -0.0033887750297272863 0.9999942132866233 -0.00029932768845582994 -0.004576315951144888 -0.006879977159398516 0.0002760074951424843 0.9999762945861009 0.9999470660850368
0.999856057187206 0.01636409719570342 0.004481208433422257 0.189193201599858 -0.016416732730081873 0.9997935551463263 0.011972383820241073 -0.5028314609596848 -0.004284366058504241 -0.01204422728279736 0.9999182870598162 0.8434254290318407
0.9999432382626785 0.004109616081175209 0.009830122502449974 -0.051067468114619936 -0.004079455274269559 0.9999869163480575 -0.0030862886073347376 0.004266965715812891 -0.00984267734984047 0.0030460118791421752 0.9999469203483847 0.9986860901724538
0.9999753749096413 0.0005606535781764355 0.006995372891273707 0.07085395108530634 -0.0005589435457236886 0.9999998134334315 -0.00024640457568150115 0.03234547782722476 -0.006995509733778063 0.000242488489419046 0.9999755017213656 0.9969621295113117
0.9999161377847643 -0.007071597959587277 0.010849419334584942 -0.30544473601086203 0.0070373063605571155 0.999970131741917 0.003195613124390234 0.09630980585443899 -0.010871693372578428 -0.003118994445503051 0.9999360370328 0.947326730615966
0.9999085223621978 0.012272622813457916 0.005685915645186057 0.0483210607875775 -0.012291896429630434 0.9999187821333497 0.0033672569135383412 -0.19060176630633233 -0.0056441287732312065 -0.0034368395710477617 0.9999781657337092 0.9804774560209274
0.9999639548295006 0.0025136727003310256 0.008109900819367459 0.039395475232455866 -0.002520796028424013 0.9999964458606861 0.0008682473029404045 -0.01338377270450443 -0.008107689506107567 -0.0008886594125947136 0.9999667372744562 0.9991340606542264
0.9999464241828768 0.004875703003507006 0.009131061499062083 -0.027846652112582977 -0.004877008678594641 0.9999881000343313 0.00012073142438575463 -0.0197068918428915 -0.009130364189175233 -0.00016525722227675455 0.9999583037006209 0.9994179317883051
0.9999587562674873 0.00333503091474079 0.008447682094961877 0.028976442871610462 -0.0033425226917824704 0.999994032792753 0.0008728808290591542 -0.0367465568185319 -0.00844472060134184 -0.0009010813972905526 0.9999639367228604 0.9989044280212651
0.9999492878126414 -0.0014885237429650552 0.009960225903978659 -0.05588602885156116 0.001481200492396269 0.9999986273047826 0.0007425857874452241 0.03988171050622009 -0.009961317588199965 -0.0007277950377822875 0.9999501199891371 0.9976403164198511
0.9999435285331488 -0.0028364214236677567 0.010241799557842622 0.06106000632360151 0.0028522320644467592 0.9999947627479646 -0.0015294603273541922 0.021960209616102535 -0.010237407724917859 0.0015585859455825163 0.9999463817090014 0.9978924916148927
0.999930555101829 -0.003305620036115304 0.011311845557863381 0.1059049374007503 0.003352193066554661 0.9999859733889563 -0.004100710546516716 0.002339622211337914 -0.01129813150006069 0.0041383452633393806 0.9999276105414273 0.9943735064863963
0.9999148580735779 -0.001333691318838916 0.012980672985715203 0.08289080781413724 0.0013783876928729908 0.999993150509757 -0.0034349644741333437 -0.00017773267481419533 -0.012976002892422567 0.0034525644145295517 0.999909847510214 0.996558619646138
0.99984174968285 0.0037454664413550626 0.017391005499205317 -0.06780017803909874 -0.003714046140788226 0.9999914125860033 -0.0018386450212318738 0.01904328679272989 -0.01739774273866586 0.001773763058215385 0.9998470744629965 0.9975171623014797
0.9998624873727892 0.0005999772930969178 0.01657245823488149 -0.0021059061999274377 -0.0005938893536389966 0.9999997543545298 -0.00037227183039064207 0.015803805448936736 -0.01657267751857728 0.0003623784318038739 0.9998625980812246 0.9998728943682836
0.9998549541183841 0.00019472443356589755 0.017030349594721952 0.050650236142046806 -0.00019060846529185137 0.9999999522350188 -0.000243307157198773 0.016863170988418944 -0.017030396159115987 0.00024002573769802554 0.9998549434764569 0.9985740768931318
0.9998385976989286 -0.0028843791140605764 0.017732989273284004 0.06480883795419008 0.002892157023020597 0.9999957324274235 -0.0004129826813671286 0.04057520692205575 -0.01773172239784465 0.00046420261447793765 0.9998426728924598 0.9970724482735744
0.999782569682797 0.0010068763886050562 0.020827855348112212 0.012397971050970505 -0.001015263019973445 0.9999994077514422 0.00039209407748604097 0.03706745133421663 -0.020827448222576178 -0.0004131545756667146 0.9997829998073746 0.9992358552240831
0.9997831080463816 0.00023686607238232417 0.020825003231233992 0.06671774214325162 -0.00023508309920234043 0.9999999684902481 -8.806497308809155e-05 0.021347309211077057 -0.02082502343464763 8.315026620355284e-05 0.9997831322266743 0.9975435004413358
0.9997531399299707 0.00261128846608779 0.022064459492839195 0.06714269119486836 -0.0025844301637224423 0.9999958844760646 -0.0012456932455264455 0.04094452630701905 -0.02206762155043237 0.0011883616789451004 0.9997557741146719 0.9969029063979121
0.9997115994986561 0.0021936649542545453 0.023914549167969416 0.059768089408336486 -0.002172861576759437 0.9999972380542058 -0.0008958551937971876 0.02646695294971961 -0.023916448323423642 0.0008436338236975614 0.9997136048796994 0.99786135103532
0.9996480630455071 0.0028980739312506358 0.026369513018911796 0.0518254233662104 -0.002907305881590885 0.9999957251777075 0.00031176725592143954 0.01505075846668417 -0.026368496769372692 -0.0003883217737974537 0.9996522153150682 0.9985427382753783
0.9995997749789365 0.0050920059580647934 0.027827348730748526 0.07956066408937373 -0.005092227172134798 0.9999870325479092 -6.291624584288391e-05 0.07934312521221655 -0.027827308250835736 -7.88121161480887e-05 0.9996127423678449 0.9936673332716621
0.9996067720743075 0.0015985064538000093 0.02799546392366159 0.16679551939184376 -0.0015770349934824054 0.9999984451992121 -0.0007890245797675249 0.08678714655527951 -0.027996681657175282 0.0007445644870023027 0.9996077387855256 0.9821645717004852
0.9995279977333126 0.0011682751954804494 0.030698809102347617 0.08260110508673081 -0.0011959880667719168 0.9999988937347007 0.000884387877875756 -0.007390455157984999 -0.030697741932899515 -0.0009206858541432831 0.9995282892333655 0.9965552862791951
0.999441449180948 -0.00012640513396347782 0.033418163935634376 0.044206203484946194 0.0001139358249120544 0.9999999231841653 0.0003750337186196476 -0.001838711581577627 -0.03341820877477769 -0.0003710167171539127 0.9994413868100925 0.9990207358774729
0.99935235496325 -0.0029018276101678963 0.03586711621984852 0.11743714418727531 0.0029056295343325342 0.9999957771982999 -5.3875573625473613e-05 0.002834062577629783 -0.03586680842250216 0.00015805723357731208 0.9993565665324335 0.9930762736338248
0.9991859366847617 0.0006437784462113543 0.040336701410847636 0.024264978184470945 -0.0005781892592613966 0.9999984918378071 -0.0016376871777349965 -0.007906342607212314 -0.04033769488426624 0.0016130317491719788 0.9991848019760909 0.9996742972490013
0.999168928296375 0.0019441205635459414 0.04071453207771095 0.04881125549282181 -0.001812394591523219 0.9999930045439823 -0.003272016036425851 0.06149883642358124 -0.04072060845465266 0.0031955059587489287 0.9991654621676783 0.9969129121722519
0.9991514665575448 -0.00107776770257013 0.04117262795458031 0.1334660874078451 0.001176218665873285 0.9999965068434644 -0.002367025669297241 0.022949850418008934 -0.04116993302832836 0.002413445182380951 0.9991492440555586 0.9907876199659704
1.0000000000000002 -1.441988889405721e-16 1.8404331877941438e-17 0.0015457181670709551 1.4159680372660688e-16 1.0 -1.5699247457590104e-16 0.9999954607760511 1.579089642248302e-16 1.6132928326584306e-16 1.0 0.0025863454218970233
0.9987626199326727 0.00895090568630142 0.048919426740491434 -0.01264007851285318 -0.00894502707371899 0.9999599349496006 -0.00033909621193564145 0.013835488615179959 -0.04892050199940511 -9.890897558250192e-05 0.9988026705516664 0.9998243884152697
0.9988088364002707 0.006789752168912464 0.048319846794271974 0.038820155407188014 -0.006799485017838624 0.9999768825479864 3.70554081742646e-05 0.013704774728030335 -0.04831847816549437 -0.0003655613434627881 0.9988319133030716 0.9991522279832117
0.9987935455785268 0.002645143620628442 0.0490352579875111 0.13357016696433216 -0.0026527355556667863 0.9999964774634219 8.974864809871419e-05 0.03771499277963408 -0.049034847860957284 -0.00021971794279015272 0.9987970441582609 0.9903214578190016
0.9986119863166503 0.00012200862698134472 0.052669591783205155 0.1046670848727688 -0.00024319661014114442 0.9999973380429451 0.002294507013008703 0.02222031981790813 -0.052669171629363444 -0.0023041312720572943 0.9986093577265127 0.9942590501129103
0.9985470716574251 0.00425715901909475 0.053717988434670697 0.17371450369518676 -0.0042989851846184195 0.9999905394685618 0.0006630986030752156 0.11044752277209309 -0.05371465731775367 -0.0008930680047490314 0.9985559263350126 0.9785829632276677
0.9985513602584793 0.0008021485928340318 0.0538009059735572 0.15432913671083828 -0.0008562867815706545 0.9999991500199792 0.0009832254406842121 0.03205072488107034 -0.05380007155095834 -0.0010278701058576561 0.9985511983790101 0.9874995030868042
0.9983134668118618 -0.0001164738330275538 0.05805349615593894 0.08861738877668575 0.00016151770698398624 0.9999996895726267 -0.0007712111776958658 0.05324683722947026 -0.058053388308622667 0.0007792871720310943 0.9983131757206212 0.9946415096563485
0.9983429267382282 -0.0003138092441474982 0.057543915017196134 0.11471841074613379 0.000270383774163815 0.9999996727937729 0.0007624335781247701 0.04965083484236143 -0.057544135447173655 -0.0007456112289060124 0.9983426849231343 0.9921564800147898
0.9984521409958603 0.0015090791739343712 0.05559716558269273 0.11998593093229988 -0.0016683177862183423 0.9999946382087629 0.002817848379541136 0.020514285762579427 -0.0555926151259926 -0.0029062404877595004 0.9984493051275465 0.9925636203578894
0.9985838708667342 -0.0030632385778670036 0.053111857567069126 0.19578133766002 0.0030281387659181758 0.9999951403944327 0.0007413252547884275 0.14704179676252774 -0.05311387032050954 -0.0005794453676690181 0.9985882940544829 0.9695609201225578
0.998637035232144 0.003133389305690895 0.0520985003067487 0.16004774219800716 -0.0032238084620428726 0.999993439620121 0.0016515979292597502 0.06139613725332545 -0.0520929834215067 -0.0018173024456201448 0.9986405852407902 0.9851980686885715
0.998619204944453 -0.0009742207098677111 0.05252365571927848 0.07816317269253131 0.0009877218840584874 0.9999994855006873 -0.00023109270988250913 0.026877099322172044 -0.05252340356058984 0.00028265238239602586 0.9986196534146733 0.9965782156793632
0.9986627563740869 -0.005163114448549768 0.05143968585150761 0.08291750750509475 0.005096629446386676 0.9999859988060905 0.001423572994759128 -0.002037232282919281 -0.051446315704789164 -0.001159500313222186 0.9986750883843184 0.9965543320029108
0.9988819188534525 -0.014618539845797137 0.04495787450960567 0.1763363844289909 0.014496831904122928 0.9998903183436347 0.0030320203509166255 0.02088618478452394 -0.04499726716577593 -0.002376883556593875 0.9989842823449079 0.9841083511543117
0.9990820506324819 -0.007760032277021001 0.04212882627197498 0.1763509246381952 0.007827095855232937 0.9999683494005178 -0.001427153697745702 0.037425372230298196 -0.042116418110609205 0.001755590004410723 0.9991111676031197 0.9836156225338623
0.9992473746244295 -0.0032012845370132195 0.03865793687585757 0.0847769740515485 0.0032953920288785014 0.9999917596044874 -0.0023708889676766834 0.04170890583304564 -0.038650028428976795 0.002496497633510543 0.9992496899183934 0.9955266103147988
0.999417146358126 -0.008342196359846666 0.0331024972664364 0.07114161262152212 0.008400463679201128 0.999963400769961 -0.0016215210604000295 0.0037637146898358478 -0.03308775869343661 0.0018986522769221682 0.9994506467776066 0.997459124678973
0.9994712955628474 -0.006428122400272181 0.03187175220050595 0.03960120079046637 0.006410921700865748 0.9999792438428723 0.0006418460745020831 0.026119339505706718 -0.03187521653053837 -0.0004371794198076845 0.9994917605689834 0.9988741287067849
0.9996613453498037 -0.005988938254735602 0.025324439421270703 0.0454191013521862 0.005955549904696107 0.9999812944189393 0.001393641831598338 0.0064086495914298415 -0.025332312147794977 -0.0012423489055295306 0.9996783135241272 0.9989474633046395
1.0 -5.551115123125783e-17 1.6653345369377348e-16 -0.6340582700233416 9.71445146547012e-17 1.0 -2.7755575615628914e-17 -0.1811385784041721 5.551115123125783e-17 0.0 1.0 0.7517705272413402
0.9998709191676226 -0.0014316064220554919 0.0160029842824952 0.03656781545059115 0.0014639055806376464 0.9999969148843865 -0.002006789017319561 0.015207201366182203 -0.016000061979393628 0.002029956837320785 0.9998699301868686 0.9992154601985399
0.9999001547487394 -0.0007121703716921934 0.014112878756977108 -0.020575746463918246 0.0007095642976774864 0.9999997302726851 0.00018966566598975151 0.01645175493762677 -0.014113010024616048 -0.00017963273387027606 0.9999003903790247 0.9996529289793156
0.9999153566548621 -0.0005796161096861248 0.012997829470531123 -0.03279919664911447 0.0005907766393529517 0.9999994601305698 -0.000854822514642117 0.01236136225449326 -0.01299732698449993 0.0008624289736184638 0.9999151592547857 0.9993855159158481
0.9999501197099474 -0.003931443305694872 0.009181603650536913 0.028217839818110768 0.00395813308516681 0.9999879889792977 -0.002890515459229503 0.011992186687261588 -0.009170129472453187 0.002926713288664078 0.9999536704641793 0.9995298599714055
0.9999710313027487 -0.0036280009659593786 0.00669134996142105 0.022101543609001698 0.0036428549772157814 0.9999909248511253 -0.0022090321427051807 0.022776694894656845 -0.006683274865676358 0.0022333437674330464 0.9999751726981455 0.9994962450853806
