1 0 0 0 0 1 0 0 0 0 1 0
0.9992912363191212 -0.023407496005299417 0.029480741960884793 -0.49383631886124535 0.023351186698350176 0.9997247853485867 0.0022529179971451582 0.029271921716300442 -0.02952536359778124 -0.0015629109011582112 0.9995628095392176 0.8249697765732629
0.9992864648351383 -0.003008155425192655 -0.037649863190063686 -1.8208999124945882 0.004566038018293036 0.999133840837803 0.04136084367509681 0.2100474539009578 0.037492832569813915 -0.04150324196539558 0.9984346590599977 0.5888687671315285
0.991741022583467 0.003830876617620596 -0.12819933115831894 -2.870819637957026 0.00329832745552324 0.9984614636801525 0.05535184352561046 0.32242479778091715 0.12821413791425604 -0.05531753727370816 0.9902025575148131 -0.016728200479026373
0.9729939125662131 0.017434536635694317 -0.2301714209918152 -3.73582422326169 -0.000960135080929457 0.9974406194426373 0.0714932781911344 0.43151841793054313 0.2308287769098975 -0.06934152881345496 0.9705203903742023 -0.8233698813283951
0.9535109272599028 0.00313286827306338 -0.3013421589030386 -4.38675201228377 0.016909137932809484 0.9978144666603624 0.06387778313049175 0.42311089586913786 0.3008836862482409 -0.06600360035392423 0.951374023236913 -1.9230450207309375
0.9539247039129356 0.01014664754044939 -0.29987448175579773 -4.960276680867494 0.005495332989657059 0.998669586529424 0.051272392732178686 0.43415080145393353 0.29999576760339663 -0.05055791218830015 0.952599830429971 -2.8579653608628393
0.9566032128751675 0.01644134071017724 -0.2909295025131676 -6.212727885009382 -0.0056236520190039475 0.999262660643303 0.03798038417442174 0.5806363990600558 0.29133943717745525 -0.03469607124328888 0.9559903320564518 -2.38083936494742
0.9597254576864898 0.015331744797152071 -0.2805209144964648 -7.327085732892657 -0.006613554121810218 0.999466022964807 0.03199890374357526 0.6892905816132159 0.2808617217962174 -0.02885492229044653 0.9593143836559925 -1.9309292080193823
0.9665896234375528 0.027265735425884022 -0.25487463493752244 -8.366621996962904 -0.025763269127665196 0.9996254415034951 0.009232045428776574 0.8617068066087852 0.2550308879855638 -0.0023571955008486528 0.9669300335612014 -1.4676450067429028
0.9592713342545478 0.016355896213279444 -0.2820123967781553 -9.050999893860773 -0.013365867566934368 0.9998322491741489 0.012523062546633977 0.9301279218439246 0.2821699148769807 -0.008243674570492101 0.9593290264387365 -2.6200686815994865
0.9519990179273281 0.020544446117216168 -0.30541086359057196 -9.611664196923673 -0.016622502951809875 0.9997426663759873 0.015436755586880953 0.9909806719077643 0.30564941069961077 -0.009619083177145805 0.9520955366862153 -3.823155820183319
0.9418631696983316 0.003690458303085321 -0.335976412986571 -10.107943884180981 0.00014365821455843708 0.9999351637610914 0.01138629159993554 1.072330676038766 0.3359966501739675 -0.010772594469048071 0.9418015726681912 -5.032335237337336
0.9296613518575533 -0.06675577461516032 -0.3623167639206252 -10.510735267322929 0.06461676599946357 0.9977472037292826 -0.018033053046273763 1.1133722820708054 0.36270434849082717 -0.0066471050788239035 0.9318805564984793 -6.145569996190114
0.9080942959279561 -0.09502182410159331 -0.4078426199497945 -10.884412093896769 0.08857949508825101 0.9954644909064948 -0.03470043795379478 1.1531273524823535 0.40929014494978794 -0.004615223578579037 0.9123926111922988 -7.264037889398959
0.9132168758718942 -0.09025020961737588 -0.3973535419331174 -12.179800836766626 0.07910035795280769 0.9958774038244598 -0.04439966130042643 1.2185141495215008 0.39972249248011144 0.009115712581820496 0.9165908753580371 -6.886899668290471
0.8881826509369826 -0.11365125047901434 -0.44521340033640777 -12.810656779431358 0.08719869776207216 0.9930111244772374 -0.07953171551684209 1.3389887191403622 0.451140738221622 0.031816661185756503 0.8918854939889087 -7.588061162109605
0.8952654099471165 -0.10190523643623196 -0.43372245565464207 -14.013528591216861 0.06791490298304612 0.993328287271129 -0.09320128571972096 1.3425654541649494 0.440326483083884 0.0539836687701115 0.8962133405618865 -7.283622859294385
0.8940221535751759 -0.10129003393393701 -0.4364226368355132 -14.28619592340886 0.0659413130143899 0.9932484646115022 -0.09544229033731416 1.5058885773148014 0.44314346678557703 0.0565492402473776 0.894665329200089 -8.608720119708781
0.9023871076669845 -0.11024065679005399 -0.4165867322742139 -15.438368834659373 0.07991064791688024 0.9927654735653632 -0.08961586269207789 1.6250349100558348 0.4234522361092402 0.04757848344617822 0.9046681665931691 -8.376008005516688
0.9102354124921958 -0.11023842197363799 -0.3991478224491784 -16.573157466677067 0.07770560492061973 0.9922616246260714 -0.0968437259627628 1.6606364595126026 0.40673496629756356 0.057134565852836064 0.9117578124566453 -8.123039626122862
0.9217017224476961 -0.09564897875788417 -0.3759218106196025 -17.70615171289406 0.051506480433013695 0.9907187673239141 -0.12579112268196296 1.7942136302253062 0.3844645852485647 0.09657948506157414 0.9180737365565415 -7.769719629602046
0.9129394076772414 -0.09786923985816513 -0.39618587783956816 -18.090858683199237 0.05168306994815282 0.9907282617151635 -0.12564382881616687 2.0288867651135956 0.40480921208719994 0.09422910022088046 0.9095330551887068 -8.982555048390877
0.9015673312390378 -0.07983877029180006 -0.4252083230615412 -18.439465828433203 0.03347062997050991 0.9927509466888936 -0.1154351539942882 2.288333774989663 0.43134216600269165 0.0898405732762252 0.8977040755290716 -10.153173504665702
0.8949602065654598 -0.08502571252710535 -0.4379690135997781 -18.732741968533368 0.036748632134780086 0.9923850494736779 -0.11756466993680864 2.4232956266202654 0.4446299210585461 0.08912093912423698 0.8912697075010935 -11.36260739735827
0.9086766788709321 -0.057778793537466906 -0.41348313664942027 -19.943316471807716 -0.00018564197358854744 0.9903214967061812 -0.13879228616421432 2.3959004847075533 0.4175004895962968 0.12619407347013673 0.8998713224721998 -11.009721708514915
0.8975010563052084 -0.05884128346054445 -0.4370692820271706 -20.235496028850527 -0.0030082179647285593 0.9902192785001928 -0.13948738692525597 2.549124641092896 0.4410020459767851 0.1265048767726968 0.8885458410217304 -12.194709799669425
0.8863272231361402 -0.08317836975729537 -0.45552761972496514 -20.522170131760127 0.015574313572826137 0.988532832758814 -0.15020079665091915 2.696220008853211 0.4627974657282736 0.12603252501776654 0.8774590066510989 -13.332620344926392
0.8983340608327535 -0.08869467314921453 -0.4302663943450429 -21.72791578285902 0.027545960037384694 0.9888523826402604 -0.14632903140627723 2.591505017516197 0.4384485548309539 0.1196002520968674 0.8907629563834666 -12.990880979192168
0.9055971969016113 -0.08930617502404353 -0.41463010511359855 -22.92553423553453 0.02862411004185452 0.9882210469831176 -0.1503323738384494 2.4981692258504498 0.42317180587588077 0.12427215859622859 0.8974865198483928 -12.585002898721715
0.9238199048569008 -0.09141219283636791 -0.3717534053522952 -24.06908956847453 0.028481669192067426 0.9847936366330766 -0.17137761746224167 2.496259718208808 0.38176639180291627 0.14773389674630305 0.9123755355345377 -12.169632920696094
0.9081225877405712 -0.08026775309911821 -0.4109385032432248 -24.412688663564033 0.010094705278666067 0.9853645418319122 -0.17016114899037166 2.58476181572635 0.41858268306357727 0.15037887987615 0.8956420769071152 -13.220925636262775
0.9001977902977544 -0.09471302585281086 -0.4250569151029537 -24.638578091823387 0.0202322865343104 0.9841045300739236 -0.17643392097206448 2.817881215429243 0.4350110262104077 0.15022555249286937 0.8878049844721416 -14.39785290319435
0.8825235697393514 -0.0937388433254716 -0.4608309647869915 -24.87843255602214 0.012660578913691914 0.9843130694497124 -0.17597582519214675 3.0448699209432837 0.4700977117537171 0.14946842664084425 0.8698662718150585 -15.483968691907966
0.8718664835847375 -0.08939876757176296 -0.4815149999306658 -25.05504297461615 0.00391958628024443 0.9844403233117668 -0.1756755153150744 3.2693827842606398 0.489727956772916 0.1512782542022317 0.8586509291676974 -16.601583809744337
0.8631386631423684 -0.11214427029707243 -0.49235689375526837 -25.253138179162104 0.019033601015220863 0.9815602720473683 -0.19020292944823752 3.492562511171575 0.5046081353101601 0.154800177576884 0.8493571303056022 -17.63765817451721
0.8468916068349498 -0.12083990878741076 -0.5178535726600346 -25.345647946856417 0.021197007283086763 0.980735491780783 -0.1941869770189248 3.7358109629592633 0.5313429148438475 0.1534783750427327 0.8331381009409459 -18.77145955139934
0.8689446603883864 -0.10760912944718148 -0.4830687864498461 -26.47656318111915 -0.010145224810735225 0.9719973220958451 -0.23477282690304785 3.7668859720581254 0.49480526633823385 0.2089054357792743 0.843520164137065 -18.47632031453185
0.8541586591263463 -0.1178458458399746 -0.5064833083703142 -26.960713549192707 -0.016428273105946654 0.9673815167907989 -0.25279065017182273 3.6990932100494294 0.519752919070435 0.22424396890395362 0.8243612955057782 -19.092624316874108
0.8159388193767956 -0.11868065191621058 -0.5658257204252385 -27.32367237329838 -0.03297721666141605 0.9675556135568293 -0.25049678212691073 3.8832041041656926 0.5771969734980139 0.2230494060413844 0.7855524274351902 -19.808151564666822
0.788762270517207 -0.1454598140751565 -0.5972399208841928 -27.39042956033833 -0.023988777231159178 0.9635741604714322 -0.2663632404044003 4.107386897380183 0.6142301027916934 0.224424329699343 0.7565415395492222 -20.925542940249986
0.7805547223172619 -0.14976111816505583 -0.6068821409089 -27.326542970551163 -0.024483418663944413 0.9628058107712385 -0.2690827622789463 4.442771234094117 0.6246077870782178 0.22489237032654977 0.7478559581163734 -22.065971225486578
0.7759559830471094 -0.1461557404960737 -0.6136210653925055 -27.22220109310213 -0.031450829896855 0.9626121068535491 -0.26905162522789994 4.723509067857896 0.6300025060840574 0.2280711100929259 0.7423479043338029 -23.228921408287
0.7595998958568271 -0.15985906816864917 -0.630438796822137 -27.11519142457817 -0.02802879754486613 0.9603767783322413 -0.2772919583189852 4.922668690058957 0.6497864146952336 0.228301384061595 0.7250214433470746 -24.364570554269125
0.7624284976516182 -0.20653037941536026 -0.6132275176043871 -27.953826335671277 0.0018653038180179555 0.9483928234134327 -0.3170923731967828 4.895211963231189 0.647069784961686 0.24061640608330978 0.7234669574439392 -24.453021144009487
0.7325088109186536 -0.20626634060917018 -0.6487565326516852 -28.40486154912714 -0.010680360001893652 0.949392648544567 -0.31391006482711886 5.015345840424467 0.6806737631470526 0.23687084164421213 0.6932354813063119 -24.928459673145927
0.726078747696236 -0.21319552797620048 -0.6537257215337403 -28.34469548188319 -0.009374411189342955 0.9475619923893825 -0.3194344862314032 5.32948585030948 0.6875476511186103 0.2380628854525967 0.6860060422556541 -25.9189343820783
0.7155080606871944 -0.21128279124899957 -0.6658887273514069 -28.199937249744526 -0.019445919373387185 0.9467770832116946 -0.3213020555877022 5.5582295166596385 0.6983337821639259 0.24284302919209053 0.6733180465882644 -26.96914048650245
0.7178212436217045 -0.24736852725117928 -0.6508006406964935 -29.189625568415774 0.012379492143754499 0.939139974989725 -0.3433116012466881 5.330009284564471 0.6961173826156419 0.23837977913800532 0.6771969215216977 -26.901076073090024
0.7078541674483543 -0.2556929318770297 -0.6584554671457438 -29.37046511771677 0.015012591182743482 0.937418290835004 -0.34788154609573985 5.448647256569043 0.7061990510698641 0.23636427944194624 0.667394057264457 -27.64568475919265
0.6826931693025211 -0.2574775613913606 -0.683838681245534 -29.327935209405926 0.010661267266218638 0.939271534347196 -0.3430092158315072 5.803358657402622 0.7306273838065179 0.2268794617082486 0.6439792977161752 -28.503851299481973
0.6458902062117292 -0.2955026931606617 -0.7039204499476907 -29.169237577372286 0.023111612298661016 0.929195300553027 -0.36886575716258657 6.040582372391467 0.7630803987108606 0.2219780434299001 0.6069876879627023 -29.475489242561565
0.62641399136788 -0.2959017218306341 -0.7211433161558254 -28.99421291858323 0.015588161344374603 0.9297173064625682 -0.36794393498179906 6.358456441414731 0.7793346653681354 0.21924393054689986 0.5870004925669845 -30.404338659140663
0.6344362696652458 -0.30283902028882603 -0.7111815151729867 -29.785544649147077 0.004212271278237158 0.9213982399087302 -0.3885968865852827 6.094712127696031 0.7729636967567927 0.2435442696587206 0.5858441023109083 -30.493464559935244
0.5680929951712649 -0.33146533183256605 -0.7532603020407099 -29.750577522634412 -0.012810471702180448 0.9116286099906932 -0.4108152495480252 6.355545317587953 0.8228646551238603 0.24303088536143838 0.513643600279733 -31.244275802159933
0.5819215370760686 -0.33301138990170487 -0.7419371529198105 -30.651712635632215 -0.020447660924074178 0.9060371985937384 -0.422703782721597 6.080123941949338 0.8129878337649097 0.26115131429909905 0.5204332552691968 -31.168046189981915
0.6001836958666003 -0.3279992735025288 -0.7295176542056512 -31.569940193904152 -0.04014579205988482 0.8985518224528691 -0.43702738786775613 5.722954530205045 0.7988540834193647 0.2915837768951526 0.5261283630976044 -31.041564721030223
0.6139883351379437 -0.33554419692505977 -0.7144427312419426 -31.555910894287827 -0.08309330766885151 0.8726357287904368 -0.48125085668394885 6.18551675368457 0.7849291856818583 0.35484782195795 0.5079066811103328 -31.65965775064748
0.6311797560890775 -0.33937132922674623 -0.6974519455863591 -32.36395482636163 -0.08909738426863643 0.8615239963091608 -0.4998380336668888 5.8393058039325165 0.770502285278778 0.3776287921787289 0.5135394081254283 -31.573959629620184
0.6420870277585246 -0.3434014602707362 -0.6854193503747491 -33.19987074357298 -0.10224712884854562 0.8477188678722384 -0.5204980746320214 5.479008831279188 0.7597827146141531 0.40428722232756475 0.5091974748918244 -31.407328055480328
0.6420001077675894 -0.3390334109616745 -0.6876715843177535 -33.00277688260734 -0.11325337336026395 0.8451448472492479 -0.5224020105154343 5.936561340969201 0.7582938316041635 0.4132632737368992 0.5041864055399916 -32.14337172423376
0.6500880496555268 -0.33160959974728094 -0.6836816518311094 -33.83609824575843 -0.1226097263749304 0.8421795897399401 -0.525071798541621 5.5832982567928475 0.7499015820048236 0.42516892170161713 0.506832324665413 -31.914792731790282
0.667040743974398 -0.32725428882827196 -0.6692990933219433 -34.61423548225749 -0.1337272844365445 0.8311800039238927 -0.5396821420746721 5.258219059379162 0.7329213186115597 0.4494935277849739 0.5106681008288174 -31.681847714836522
0.6646778866442118 -0.3234033232199892 -0.6735084242505381 -34.46444297449392 -0.16786375298139752 0.8137703463550441 -0.5564167357549498 5.677783520577177 0.7280282051137739 0.48289555177435656 0.4866074584666339 -32.308410782775105
0.6640280319155311 -0.3814692348494439 -0.6430769749367162 -35.141488174984275 -0.12043979259299938 0.7942638056615845 -0.5955159639977203 5.3898658974644595 0.7379437845734188 0.4728913510304009 0.48146935616932285 -32.08654941377331
0.6649523841445564 -0.37319208948220567 -0.6469667620275151 -34.82842386777674 -0.1331447332057803 0.7931147090301965 -0.5943412642072824 5.87614043704242 0.7349223134726759 0.4813488575532863 0.4776949554811274 -32.780692614889126
0.6618379256971787 -0.3668248158104148 -0.6537661008453272 -34.62541165094201 -0.15995441859170517 0.7829125420518718 -0.6012175442141289 6.2564189580490055 0.7323831948384965 0.5024813489111146 0.4594859626959499 -33.32420402381078
0.675263668059914 -0.3691646173153784 -0.6385424527160686 -34.95336796009331 -0.15466771593623457 0.7756095193175762 -0.6119704005840723 6.20012338286197 0.7211774235549366 0.512003280132414 0.4666430808319275 -33.37871593806934
0.6801980588785032 -0.373942280343517 -0.6304742434623316 -35.53445245755259 -0.14293095632591477 0.7759276074866752 -0.614416055831687 5.88246280519672 0.7189585123090719 0.5080388950774312 0.47433652470248344 -33.200259422973616
0.6730066940868727 -0.3898506463809596 -0.6285526733938843 -35.23522795745594 -0.13381346520444512 0.7716124057130094 -0.6218587073280911 6.341456205177731 0.7274310594442858 0.5026238840983712 0.4671330483809001 -33.80789239417993
0.6740794615021781 -0.3876141936308778 -0.6287862247829628 -34.818045184302 -0.13794717512084126 0.7702180472914251 -0.6226834962505171 6.830862233720087 0.7256634595024832 0.5064774393025533 0.46571788350933835 -34.50835930632877
0.6511415623224294 -0.39348300676750003 -0.6489882812512916 -34.79672945012406 -0.15822264538163255 0.7659398556853079 -0.6231386137619875 7.0513082875650195 0.7422804458590715 0.5084360931896749 0.4364773520324727 -34.86021701546852
0.6924351426165115 0.35254438984607056 0.6294807594023072 -35.007458047081876 -0.16551396281642528 -0.7715952530331874 0.6142034627136668 7.042022760331369 0.7022383508342818 -0.5294839173050649 -0.4759286500441345 -34.988028370413964
0.6943247307945154 0.35365178454100116 0.6267723538080484 -35.763674576875566 -0.1706563570919072 -0.765174373120834 0.62079351358021 6.5820316781732595 0.6991348768236646 -0.537994975822365 -0.4709265653991637 -34.660088050178004
0.6953846622997873 0.355795787774284 0.6243793148722019 -36.50326189961023 -0.17573797177160067 -0.7582659554067417 0.6278127954643086 6.140575780286068 0.6968187258647779 -0.5462985431732187 -0.46475968522560884 -34.325703036888406
0.700324334929072 0.3598577146135939 0.6164805358964934 -37.193750750302144 -0.17934773881172966 -0.7472230576049043 0.6399156903582706 5.754331055075382 0.6909270688641971 -0.5587129203953156 -0.45875882345091507 -33.98750467334753
0.6989714794027869 0.3849537387575738 0.6027018251159012 -37.550260903366855 -0.17799383298954885 -0.7225991478212591 0.6679585817890827 5.78303735721362 0.6926449786139843 -0.5741612060950808 -0.4365568038826982 -33.945458926066884
0.6833643923497784 0.383833905856327 0.6210351358687269 -37.18406193079041 -0.19767244239632406 -0.7215941260253403 0.6634964376715231 6.495688836492674 0.7028077352914447 -0.5761713720767494 -0.41723834580933267 -34.56824555016667
0.6635443243134016 0.38392618283018004 0.6421133979359973 -36.785192478248085 -0.2184479645826314 -0.7214537977964479 0.6571034198775652 7.189817474642863 0.71553435727516 -0.5762856095570423 -0.3948486795929468 -35.205108833797496
0.6437615382769248 0.3836643300264196 0.6620972464077314 -36.33932525380952 -0.2404291949128344 -0.7200038184399701 0.6509902485179277 7.8208643057581275 0.7264742831435212 -0.5782699916969962 -0.37126665973914813 -35.87661294748533
0.6366145783593012 0.3821587430085139 0.6698332432498076 -36.06361653972725 -0.24630649933787088 -0.7223284018282178 0.6462002694956268 8.314961459653485 0.7307906588102587 -0.5763647933856199 -0.3657166087850281 -36.388133945175426
0.6197406973718111 0.37886639148943424 0.6873003167617996 -35.69166257478527 -0.26570470025966314 -0.7227484609835438 0.6379934752063271 9.01322980487616 0.7384595319183191 -0.578009445896602 -0.3472500542451817 -36.91220274802944
0.5970212761977786 0.37385811027742094 0.7097856783191425 -35.288676371675315 -0.2936689122000385 -0.7215071459251353 0.6270454595850419 9.759198640838912 0.7465414695610827 -0.5828014685626356 -0.32096461248370606 -37.42676455389374
0.5799531990218052 0.37033066811781457 0.7256097320156204 -34.955139746697036 -0.30831186342568495 -0.724672060334335 0.6162744517191809 10.447373831095282 0.7540544289475097 -0.5811244283474983 -0.30609854126153474 -37.86700310261537
0.5832260505737044 0.37098244860905694 0.7226474913512262 -35.40656695146362 -0.30201604773389384 -0.7268141456651691 0.6168691146201224 10.157363169088965 0.7540780336565946 -0.5780252766835046 -0.31185429076984467 -37.83391530628231
0.551782395447012 0.3835477866798842 0.7405587643176691 -34.956087351798736 -0.3148816110628645 -0.7264382459348634 0.6108494461465437 10.836225608988894 0.7722601628267587 -0.5702443074472942 -0.2800636904969036 -38.36881830403871
0.5240764997036792 0.3886144839769085 0.7578407519404682 -34.491273525767575 -0.3340037000288886 -0.7247621737542682 0.6026286749417136 11.506040085961352 0.7834445422781061 -0.5689451417653129 -0.250032147605659 -38.90570000098501
0.5240764990437518 0.3886144838276684 0.7578407524733628 -33.99979222842546 -0.33400370042196825 -0.7247621739685766 0.6026286744661096 12.05547357153135 0.7834445425519766 -0.5689451415942495 -0.25003214713677296 -39.48574089005712
0.4739208470535789 0.4785949232855578 0.7391521698089663 -33.62691073640252 -0.30224889654592424 -0.6999951989990738 0.6470334812936839 12.704944245489585 0.8270699095389636 -0.5300505832310162 -0.18708753018753538 -39.906177219372665
0.4416756999084535 0.47302036933801683 0.7623478905996248 -33.0954447052104 -0.3357854894108489 -0.7008079920681823 0.6293776794218913 13.39500015763041 0.8319679568417853 -0.5339661866117474 -0.1506964841786825 -40.44168199144761
0.41830638504607776 0.45852436291026055 0.7840760019586214 -32.61077474811367 -0.37163736937162284 -0.7012666930827505 0.6083672335516841 14.056158099328197 0.8287975831988305 -0.5458758410028117 -0.1229395473118904 -40.92091838785314
0.391285674707299 0.4490994600884229 0.8032466593252252 -32.108877120377656 -0.3988896359701388 -0.7038158043618618 0.5878183153373849 14.649679072074367 0.8293265816820681 -0.5504116536545681 -0.0962519217303308 -41.40537410163911
0.4062933022869586 0.43110651209404194 0.8056506238729425 -32.57564997192198 -0.3912632778418269 -0.7147008892325337 0.5797548502105873 14.533468656514781 0.8257353086366283 -0.5507720165007832 -0.12170203741283626 -41.38270433525796
0.42481031113322143 0.4537291652253971 0.7833683962088039 -33.03844067396627 -0.37185420166380584 -0.7015018776070385 0.6079634597726896 14.345241413402556 0.8253851538886978 -0.5495679760845492 -0.1292841343803063 -41.372285894440886
0.43015127233387385 0.44762595409385014 0.7839648513365342 -32.908124172305776 -0.3663596246586335 -0.7071294830846556 0.6047714606133614 14.301525020670704 0.8250760621479301 -0.5473562819352691 -0.14018057032437012 -41.77099805708224
0.3972259332178295 0.4638420901204988 0.7918725108323091 -32.472278251757174 -0.3830223357850244 -0.7003297004157917 0.6023555436827297 14.983301793082276 0.833969692656159 -0.542576101711251 -0.10052723801446098 -42.14563081882037
0.3632920942463982 0.48625684863550284 0.7947157551056412 -31.949300108028577 -0.38150351418715084 -0.7005635365709865 0.6030470959137532 15.62451147557968 0.849984660403304 -0.5222690957564157 -0.0690004978015193 -42.562304660129385
0.36018723016705534 0.4703281511258554 0.805640484014497 -31.38654751822681 -0.3982144373091247 -0.7034550116012379 0.5887073199576208 16.278661005361407 0.8436174613787707 -0.532862530969892 -0.06608405212455648 -42.96804369456029
0.33086293427199864 0.46485270326265227 0.8212439850582295 -30.779384176776244 -0.4393380600192819 -0.6943153346714036 0.5700072675489638 16.86740749899934 0.8351717115320756 -0.5493980162956033 -0.025495724093289086 -43.397764736341294
0.278935929492725 0.46431007676352576 0.8406015107373244 -30.229636626306682 -0.4732813525859329 -0.6951857397736887 0.5410374742194339 17.497932498937377 0.8355833342835765 -0.5487558107493354 0.02583702065606211 -43.71768407816323
0.2372083612452939 0.47531689768449686 0.8472343478229036 -29.6220135937342 -0.47543428157845274 -0.7037435341275068 0.5279273454498375 18.25795382881522 0.8471684822131319 -0.5280330339565076 0.05904809730537405 -43.984428247517044
0.18774992831086568 0.504270573801256 0.8428885767510496 -28.994365725163863 -0.4447817561663033 -0.7214719872727464 0.5307045891664572 19.00172745902351 0.8757392042160056 -0.4745412099900997 0.0888340375095601 -44.22256921269671
0.11591170151609619 0.5705708833218558 0.8130272717178395 -29.713962743886576 -0.3568302804342432 -0.7399784992418844 0.5701788944050391 18.324222448233996 0.9269501758006526 -0.35620315518682105 0.11782480137090182 -44.16533171341088
0.05808007913076796 0.5965998878181026 0.8004344309583291 -29.100752455970994 -0.3533499034502801 -0.7375992173508233 0.5754052835133994 19.044030217327823 0.9336865374095521 -0.316253013296128 0.16796869184845034 -44.39335904950949
-0.008282670382376399 0.6412728454451239 0.7672682288913338 -28.509626042415746 -0.31685857731647754 -0.7294383129828719 0.6062345994197994 19.80115586977044 0.9484366290650696 -0.23809427806525746 0.2092344985901492 -44.55512693898704
-0.0191707770584597 0.6340189473298075 0.773079850813466 -27.82955508776848 -0.34070419649861533 -0.7310856097911472 0.5911298348455646 20.487697609589247 0.9399750697732392 -0.25205913112424483 0.23002839525085803 -44.794621087911096
-0.057540695386933675 0.6363342447494318 0.7692644521447429 -27.183253204199126 -0.34320321472756377 -0.7361870047574589 0.5833011635741112 21.22993423283795 0.9374969982752223 -0.2304504783796538 0.2607526706278132 -44.961139844019854
-0.6907855393628326 -0.2917518147646913 0.6615861373915739 -26.404014650187463 -0.11674479041972041 0.9479796613935729 0.29615066350421587 21.775525054845634 -0.7135726960282711 0.12733986086705198 -0.6889111461700302 -45.28758353434127
-0.6856480436420679 -0.30470282884326816 0.6610922373955904 -25.56744773973152 -0.16858625998030488 0.9499542767560788 0.26299343151245036 22.018894213238898 -0.7081422407932308 0.06886986400269442 -0.702703001727325 -45.77030888514302
-0.7043622522361018 -0.31426178264067084 0.6364851526912368 -24.72872198462784 -0.1972135096990852 0.9479952848322545 0.24982348073787372 22.35326889765548 -0.6818948960192146 0.050442758720397 -0.729708763052508 -46.20069449203626
-0.7047058318291911 -0.3185939335323008 0.6339460514131602 -24.083453757075937 -0.20524495047890448 0.9468491930882085 0.2476915740414394 22.346882456462254 -0.6791643401186791 0.04443547079336599 -0.7326399443427395 -46.6828708118946
-0.7229951464675686 -0.3271526678081219 0.6084810187100015 -23.475998182695708 -0.19201068556251413 0.9412226084538047 0.27790627550531233 23.053728119599796 -0.6636338710570409 0.08409003080893808 -0.743316185687087 -46.78203497347949
-0.6907151733381202 -0.35695547898781754 0.628884198673382 -23.4461605265342 -0.19152683162774162 0.9289201399737586 0.3168987950715129 23.610420630435033 -0.6973019590443803 0.0984386081357999 -0.7099857874219434 -46.64246891493581
-0.7125360434914022 -0.34852964333886394 0.6089494843085885 -22.602232741966436 -0.17871184063638682 0.9294273695159148 0.32284182320617505 24.044068118412667 -0.6784942628659241 0.12120995218551489 -0.7245368746649216 -46.97939277792063
-0.728082631462887 -0.34755525668058795 0.5908477175345282 -21.844209447001983 -0.16534030543723383 0.9255265860185512 0.3406803809595922 24.665775159086625 -0.66525052811704 0.1503525261727899 -0.7313247245331318 -47.17847761112976
-0.7193858977120275 -0.35966593667549157 0.5942426643791198 -22.50477912205313 -0.17030104012982583 0.9207200074391207 0.35110144350601885 24.886658900961702 -0.6734103399144988 0.1513772832912854 -0.723604472208119 -46.91935994537361
-0.7000794689588967 -0.415207962036181 0.5809398294178013 -22.411938915470383 -0.18004998521891658 0.8899231308318911 0.4190689967452112 25.51276089982419 -0.6909925759115644 0.18878339299877173 -0.697775100274418 -46.797167273371
-0.7060234673912262 -0.4188197419396968 0.5710699495284528 -21.696864806006708 -0.18679298339097525 0.8879565707071262 0.4202874134374525 26.17233992019035 -0.6831099800535572 0.19006091733864844 -0.7051507660434201 -46.94513275101122
-0.6777892440799538 -0.45474206274750073 0.5777641361123641 -21.905303630580267 -0.19727174436824904 0.8694606677342943 0.4529039701050853 26.599276213565616 -0.7082976771693066 0.19299690057403696 -0.6790188486966925 -46.79972226140076
-0.6513802660224587 -0.5344515281891471 0.5385771189465723 -21.872329903666156 -0.24664511130147287 0.8204182086653813 0.5158295764701515 26.368382162142403 -0.7175443805839458 0.20316379329637704 -0.6662240876655773 -47.14981269973951
-0.634174083026709 -0.5583461439367071 0.5348577530224619 -21.310635619099852 -0.2758593586257382 0.8096192913373607 0.5180909354090177 26.556655762784775 -0.7223052309625293 0.1810143271826853 -0.6674645808421366 -47.524069112758774
-0.6372354773445209 -0.5527307890781934 0.5370471312822479 -20.742315619737983 -0.2898739489445651 0.8175893018257698 0.4975146503002079 27.389575587149626 -0.7140756543509851 0.1613580129558115 -0.6812191655540575 -47.54496244068248
-0.635749439776561 -0.5599666775848415 0.5312814412515997 -20.1072533480461 -0.30672583763078093 0.814874137112057 0.49183269634661414 28.090717927094207 -0.7083374269043592 0.1497246160805713 -0.6898120243849328 -47.66989909947136
-0.6462047325402063 -0.560969844232651 0.5174285240535451 -19.400183112746443 -0.29597912253128555 0.8091562501070358 0.5076046906189258 28.811409665899802 -0.7034314484498505 0.1748685128155319 -0.6889159604461432 -47.80856361371129
-0.634620691327145 -0.5689196132462813 0.5230554959114304 -18.706349447796956 -0.35384227061149115 0.8156040881997076 0.4578052193241495 29.511034989662384 -0.6870605691407163 0.1054535204515482 -0.7189070380490177 -47.9477724667075
-0.6603863739794114 -0.47926651255889724 0.5780946695844474 -18.66438414578402 -0.3231386493722452 0.8762903186609041 0.357346737361708 30.362037837743863 -0.6778430868159754 0.04918218540086049 -0.733559719651364 -47.715565754845784
-0.6366171603741478 -0.49966807540986935 0.5874099126958509 -19.224195499704635 -0.340928253983301 0.8655787259771517 0.3667988478330777 30.715683117635 -0.69172719821694 0.03324580502812513 -0.7213932351325291 -47.57024518367014
-0.6234285160386038 -0.49949664662709997 0.6015313669279265 -19.740712099405254 -0.33611895581842804 0.865834815560943 0.37061316720009085 31.09706863789597 -0.7059468343504608 0.02886472190807511 -0.7076764054988232 -47.455947723456724
-0.5940924032688673 -0.5308718343366038 0.604342048749137 -20.329834210201774 -0.34786435650537323 0.846968758467377 0.40203769929365785 31.52718329223342 -0.725289325615183 0.028618485080799595 -0.6878490942498614 -47.278320046819054
-0.5806634088891541 -0.5452905324468206 0.6045562346060812 -20.862741770361723 -0.3546972631926643 0.837826588064595 0.41501380677717004 32.05142002205694 -0.7328163870035002 0.0265488899184587 -0.6799083021873136 -47.05178059661711
-0.579964914741337 -0.5458110159486855 0.6047570028847371 -21.6846867724697 -0.3491945257845883 0.8372638292538029 0.42077602520264806 31.518620943093875 -0.7360053538060389 0.03285749674460946 -0.6761778642313917 -47.404561554530616
-0.528724392235198 -0.5964842327452851 0.603868427011863 -22.179454277980344 -0.3598198127671501 0.8018645611600159 0.477014599248149 32.11057556526387 -0.7687523784650924 0.03492542973139417 -0.638592197699237 -47.16657728803246
-0.5375299122213518 -0.5930071351398954 0.5995032369724723 -21.550043504411356 -0.363874044381544 0.8044695805164738 0.46949374207658096 32.92451368486465 -0.7606952565204591 0.034223262509900064 -0.6482063676102328 -47.31926796146521
-0.5523093749567659 -0.5920637204288189 0.5868687291778671 -20.87171209944634 -0.36599079176317445 0.804723541027488 0.4674085609621949 33.71345229245199 -0.7490027334258762 0.043365579301617926 -0.66114622577188 -47.509272913386965
-0.5274012849961145 -0.49781084999212244 0.6884999943460864 -21.24729200626555 -0.2730325460858138 0.8666874071896379 0.41749990059496495 34.26483729917654 -0.8045502553366993 0.032207077623156805 -0.5930106160842564 -47.39089287184681
-0.4998957385688966 -0.4639437586786716 0.7313415339933577 -21.235228490474036 -0.2494523972296042 0.8857659607251559 0.391397706095795 34.96296388218039 -0.8293839593801317 0.013223146514713135 -0.558522511917996 -47.34382184221124
-0.5123583078571724 -0.4667569963315354 0.7208514900763482 -20.66749432485165 -0.2512643094418605 0.8841434812751384 0.39389916389780394 35.811398797029014 -0.8211913365169188 0.02069325721686687 -0.5702776323294779 -47.42991965935241
-0.5154336994279658 -0.46747203812042415 0.7181907790201234 -19.88036539052059 -0.26939259533099363 0.8840011215341091 0.3820597423273924 36.44545752150065 -0.8134837005587983 0.0034511884872868363 -0.5815774739647251 -47.76343599521168
-0.46778422956659604 -0.4548636520104429 0.7578106443225129 -20.005645341356203 -0.24286348512539183 0.8905515443523259 0.38462354899881085 37.18859226633369 -0.8498207117748648 -0.0041237036037027495 -0.5270557398483126 -47.62892512948136
-0.47286668793896863 0.4575829832462297 -0.753003923549608 -20.371594725177566 -0.25920082058117655 -0.8890102461734591 -0.3774595565205034 36.79122042820778 -0.8421472733718719 0.016691184562138767 0.5389892153932542 -48.283697286942385
-0.4591398347024518 0.43064411998002 -0.7770046680143128 -21.026145835125966 -0.2359723949844765 -0.9023472341309742 -0.3606750585519822 37.09585760252677 -0.8564506062784351 0.01775136566059821 0.5159236843007754 -48.28938354182439
-0.4464657765857415 0.46354785383406527 -0.7653703009285868 -21.362314583766832 -0.25490300629502927 -0.8857997464482394 -0.3877928139793149 37.71735879795551 -0.8577253451539432 0.02195897078798031 0.513639013201376 -48.20052067167796
-0.4476454533042258 0.4678934829615411 -0.7620296823209481 -20.602399727092056 -0.2728622107188935 -0.883010897682002 -0.3818873767702036 38.194925436031255 -0.851563128662612 0.03697895586604777 0.5229462637072783 -48.70327715980651
-0.4572644564888002 0.5022990988389296 -0.7338970173924911 -21.210132330604264 -0.2654610606943546 -0.8646939271942684 -0.4264209628153684 37.81285926709923 -0.8487871594734654 -0.000166069119769304 0.528734650211252 -49.304310867663084
-0.5267323428656288 0.5368516870818683 -0.6590472707299759 -20.892179371305264 -0.3076787242378307 -0.8431616722715266 -0.44092198523510673 38.604745835101625 -0.7923931105396296 -0.029473046833231487 0.6092983652363575 -49.39881713369521
-0.5345481830587218 0.5552802276714037 -0.6371201682146046 -20.608790645083186 -0.31548508653148705 -0.8304766351278376 -0.4591053459533753 39.488559706341405 -0.7840455344970997 -0.044412017111785246 0.6191124070564417 -49.41398399022586
-0.5536828854005044 0.5424541872592776 -0.6318059173032816 -21.064622802764028 -0.328185936780669 -0.8394576980640475 -0.43313365611599497 39.20229447540883 -0.7653295063657025 -0.03246887564862938 0.6428191960420482 -50.04933953863481
-0.5728405526839123 0.5438506578691065 -0.613253751016757 -20.27216628309651 -0.340219240011226 -0.8384414055738464 -0.42575448106337105 39.815180605414206 -0.7457241915929622 -0.03524870713504184 0.6653216956618299 -50.500200192863105
-0.592158145245176 0.5212812192977033 -0.6145035568874154 -19.600643801822496 -0.3089942488536086 -0.851175480345697 -0.4242910037152218 40.29716803075421 -0.7442252919615067 -0.061369308825925395 0.6651033925180653 -51.00397725327215
-0.5741465744462276 0.5127387286870901 -0.6383217896609841 -20.658309172290394 -0.3211876756051319 -0.8581836772893817 -0.4004488145486881 40.17215871801438 -0.7531229568211538 -0.02489522320486568 0.6574085790211014 -51.32677247884472
-0.6176480300956845 0.5028965127885248 -0.6046536267517578 -19.898802093315666 -0.28347581897941454 -0.8595132933134152 -0.4252979645748142 40.84171740520641 -0.7335886933240396 -0.09127976798101387 0.6734356932807031 -51.755787714222286
-0.6443910293443583 0.49458690348985024 -0.5832186521338569 -19.151045320283163 -0.26540056906824533 -0.8599216241208116 -0.43600153475381237 41.558978650955304 -0.7171629795512113 -0.12616891560819257 0.6853894261625887 -52.1271958915126
-0.6657230803823656 0.4757597423800992 -0.5748612421938262 -20.174735827988847 -0.19582430455562874 -0.8547731151487696 -0.4806409921804164 41.45556222098501 -0.7200455693853821 -0.20740199890379674 0.6622075119320161 -52.49608165122294
-0.686534536133188 0.46427961659095807 -0.5595665897054027 -19.472872985680127 -0.1969116373533946 -0.8595517332386985 -0.4715894665502588 42.06894132940829 -0.6999258087620384 -0.21357728227623782 0.6815340099542382 -52.968475015423564
-0.6593683104599382 0.4624189096573379 -0.5927918548297698 -19.853455697311094 -0.16927094556463965 -0.8595411800389919 -0.48222018498278696 42.750137482880646 -0.7325167425723862 -0.2176182708517316 0.6450283017377171 -52.988957689777074
-0.649625911375082 0.44125474699081096 -0.6190964573700636 -20.25983777408294 -0.13965093954561641 -0.8697314832914949 -0.4733547951120873 43.25461617502949 -0.747317730523049 -0.22104613823736707 0.6266217474810672 -53.16270680229122
-0.6369841011238804 0.47361368791023234 -0.6082280242963692 -20.19157387758353 -0.14988330993889512 -0.8500419522666559 -0.5049392763377161 44.026020814563076 -0.7561654900332094 -0.23047506158099224 0.6124499960585146 -53.284165599686055
-0.6408437135186787 0.47966258976669673 -0.5993689471618368 -19.46299827611372 -0.19352946717973973 -0.8564897380078308 -0.4785098473599123 44.68705495417548 -0.7428766251381962 -0.19065447454907475 0.6417049097191794 -53.75907673373674
-0.6212278560519664 0.483089061543861 -0.6170096510442465 -20.057645893095877 -0.19029712597968945 -0.8568057827418523 -0.4792398715716333 45.25731228378363 -0.760172976834186 -0.18030199465561852 0.6242020794696671 -53.84238287909388
-0.6613753553625693 0.47596509036971146 -0.5796894617537749 -19.31942642200253 -0.19013772992902284 -0.8540086385155019 -0.48426943843106585 46.06599410773222 -0.7255551550202598 -0.2100630336119425 0.6553191885892508 -54.2381822570082
0.8775021909671947 -0.4528188195527429 -0.15793993005768664 -20.066544780730126 0.4067605649209092 0.8772080287480777 -0.2550527732159323 46.521307271459555 0.2540388703978079 0.15956563213541056 0.9539408060085447 -54.3820871215644
0.8770095570748146 -0.4322625085532429 -0.2097697797555415 -20.287175444637878 0.3744926055829572 0.8884965960104795 -0.2651963183030287 46.4770395515694 0.30101416106742157 0.15402247425959936 0.9410991192535599 -55.169098707511715
0.8610689232232951 -0.437821535861137 -0.2585973940225673 -20.433870625866682 0.36922437514176726 0.8880180083895057 -0.27403900740060755 46.51570139402667 0.3496193219206357 0.1404860118023542 0.9262990932887837 -55.919509728126656
0.8631672721957101 -0.43861803797365 -0.2501129284430442 -21.56174894402357 0.3735048879558367 0.8879948348403222 -0.2682522543614685 46.68260088625746 0.3397592660742496 0.1381281653431163 0.9303140604417577 -56.211149969715336
0.8583254542961101 -0.43492355932888166 -0.2722478871324178 -21.381648634633482 0.3627668324553769 0.8896119667235947 -0.2774721137924922 46.75293015820348 0.362874137653356 0.1393988744677499 0.9213524374632412 -57.0800261224003
0.8579156529119111 -0.4269068397751486 -0.2858868353770736 -21.233911821946712 0.3490900407100911 0.8925991911736167 -0.28531180731479633 46.830980839350794 0.37698392003605985 0.1449732184556923 0.9148037439608792 -57.940725511829335
0.8589708782073727 -0.4066427461600583 -0.3111441906689787 -21.217984456491482 0.319611237715491 0.9005752163407333 -0.2946403510023982 46.85688604950469 0.4000221082860597 0.15364230116816502 0.9035354758802361 -58.7593961739103
0.862297476364264 -0.3812329602122221 -0.3333234049742689 -21.137930645361905 0.28516913684629625 0.9094925528323918 -0.3024927432728929 46.88372167970015 0.4184753584694768 0.16578518145554164 0.8929690072805406 -59.60972625094818
0.862297476511452 -0.3812329600596179 -0.3333234047680363 -22.12094701038576 0.2851691368856674 0.909492552933561 -0.30249274293159484 47.326235329238855 0.4184753581393564 0.16578518125145233 0.8929690074731366 -59.74828378876868
0.8376604405154997 -0.40224897457403835 -0.36948714300974717 -22.041015365523045 0.2911361830042548 0.9011953560448934 -0.3210711030112079 47.436142921761345 0.4621306193502968 0.16137748510016423 0.8720049300099487 -60.52147355577944
0.831599704353181 -0.41240424608053056 -0.37197401728406104 -21.884223620364306 0.2976331913224108 0.8964060063272974 -0.3284368360028835 47.5770600882196 0.46888848902797364 0.1624161618654228 0.868196161718057 -61.305136062698786
